500
0 5135 4293 4644 6257 779 4704 8720 5097 3536 3005 9688 6258 4340 450 3074 935
1 1323 3660 4293 3743 9115 8750 9688 5097 1181 779 1423 2406 4356 935
2 1423 3895 6213 4293 5097 3297 7352 8720 2111 6257 8549 3079 9115 6258 7413
3 815 3079 1323 5634 3017 3536 915 2863 7925 7215 4541 5097 935 2962
4 1423 4293 815 1905 4644 8549 779 5097 5330 9688 790 3297 2263 6269 6258 450
5 1905 6257 1423 1323 4293 4077 6506 4644 3079 2863 4704 8175 5097 949 6258 9688 6054
6 4293 7215 8720 2863 9688 779 6257 7437 915 3743 1323 5097 4060 4340 6258 4985 9139 935
7 4293 3079 3743 5135 8040 5330 9688 1423 1905 5097 4938 6257 7399 854 3895 6258 935 3074 1668
8 3895 4293 1423 5634 779 7925 7215 1905 1796 2863 9688 6258 979 3074
9 4644 4293 1423 4077 779 3660 7352 6213 3079 6519 5097 6413
10 7437 4644 1423 1323 5097 6257 5634 7434 5692 8549 1439 3743 949 9688 3079 4060 6258 2240
11 6257 4293 1423 3895 3297 9305 1905 6213 7215 779 5097 6859 6413 6258 450 4985
12 4293 6257 9305 1905 1423 9688 779 1323 7925 815 4704 3005 6258 1625 3885
13 4293 6257 8175 6213 9305 3743 3079 1423 3005 5135 3660 5097 6258 450 4340 1625
14 1423 6257 4356 7925 7174 5135 8549 5097 7228 8720 3895 949 6258 9688 935
15 1423 5634 6257 3079 9688 3536 3895 7215 779 7925 1905 4077
16 1905 4293 3743 5097 6413 779 4721 2406 4356 4644 3895 4077 3005 3079 6258 1496 4340 7413 2962
17 1423 4293 6257 9305 815 3079 8674 4644 4039 8469 5097 4060 6413 8841 6258 4558 4340 79
18 6257 4293 9305 779 6213 7399 6859 5634 1423 3392 9688 3079 6226 6258 450
19 779 7215 4293 3743 4938 1423 6257 4039 8674 5097 3557 4060 3079 6413 3074 2962
20 6213 1423 1905 779 5330 5097 3743 8750 6257 4077 7215 4486 4060 2240
21 1423 5097 6257 4293 4938 5634 6607 3743 7925 6859 3079 4356 8841 6258 6054 1668
22 4644 1905 8549 6607 7434 8175 7215 5634 3660 6258 4340 935
23 4293 6257 4644 9688 3895 779 5097 8549 3743 296 5135 6213 4558 6258 935
24 790 7215 3743 7437 5135 1423 4293 3005 8720 3079 1905 5097 9688 4340 8140 935 2962
25 3297 1423 5135 8750 779 6213 6257 790 5634 1905 5097 4340 6258 935
26 1423 3743 4293 915 4077 3895 6213 8469 3523 8674 5097 3079 6258 9688 4340 3074 935 2962
27 4293 5097 1905 6213 9305 5634 1323 779 6257 6265 3297 1668 935
28 4293 1323 6257 790 1423 6213 4486 3297 4077 9636 9305 2406 1905 6258 6054 2240
29 4293 5135 815 779 6257 1423 3079 7925 1905 5097 3660 6258 6920 4340 2962
30 4293 1423 7925 5135 779 6213 8549 3079 815 6257 4077 5097 6258
31 1905 779 3536 1796 3079 3660 9688 578 5634 4293 6413 6226 6258 7880
32 815 1423 6213 3079 779 5135 6257 4293 3297 7925 3005 6258 4340 4985 935 2962
33 815 1905 1423 6213 9688 6257 7925 6379 3523 5135 6226 5097 6258 2240
34 8750 4293 5097 1423 3743 1796 1323 9688 779 4077 7437 3895 3079 1181 6258 4340 4985 6054 2962
35 8720 871 4644 6213 3660 3895 6257 779 7215 1423 6258 5097 1625
36 1423 6257 5135 6213 7352 9688 3523 5634 779 5097 3743 6258 4340 6547 2962
37 4293 6213 3079 1905 6257 779 1423 3743 4704 4039 7925 6258 6054 935
38 6257 4293 3895 3743 3079 815 4077 1423 4704 7215 779 3297 6413 4340 4060 9688 1956 6258 3074 935
39 8750 4704 3895 7215 3660 5135 9688 3743 2279 3079 1323 5097 6413 6258 8140
40 4293 779 1423 1905 8750 815 4880 9688 3297 6519 4938 5097 6258 6226 4340 1625 2555
41 6213 1423 9688 1905 4293 5097 6413 6258 949 9305 9102 728 7925 790 5704 4340 6170 4985 2962
42 4293 1423 3743 3895 5097 1181 6258 2406 8720 6379 3536 3079 915 9688 7012 3074 2962 2240
43 779 4293 790 3392 6257 5634 7399 1796 5097 2406 8549 6413 3079 9688 1042 6258 450 935 3074
44 4293 1423 6213 790 4077 5634 6257 9636 779 3523 6258 450 1625 935
45 779 1423 6257 6213 5135 3079 3743 6506 915 7215 790 949 8841 5097 4340 1496 6258 1625 2962
46 3005 4644 3079 5634 5097 1423 6257 4293 3743 9688 7215 3660 2863 6258 4340 7699 2962
47 1423 1905 296 9688 7215 5634 1796 4704 779 8750 5097 1323 4340 6258 4985 9139 935
48 1423 9688 8750 1905 915 779 7925 4293 3005 5097 3743 1181 6258 3074 935
49 6257 4293 3660 5330 4644 6413 1423 5097 815 3079 779 7434 9688 790 4060 6258 4340 2962
50 779 1423 1905 4644 4293 915 3079 7434 9688 3660 7925 6413 7012
51 4293 1423 9305 3743 3895 1905 5097 6257 6213 5135 815 779 6258 1956 7880
52 1905 5097 1423 7925 5634 3079 8720 8750 4880 4356 779 4340 4077 9688 6258 6547
53 1423 8549 6213 3743 5135 6506 7174 8720 815 2863 6258 5097 4985 6101 3074
54 5097 3895 1905 1423 3079 3743 7215 4293 5330 1323 6257 6213 9115 1181 8040 6258 949 8140 2962
55 8750 4293 1905 4644 8040 8483 4880 5634 8720 3079 5097 4060 6258 4340 6170 3074
56 4293 779 6213 9688 4644 8720 790 6413 5135 6519 3005 6226 6269 4340 6258 1042 3074 1668 2962 321
57 5097 4293 3660 9688 1423 3079 6257 5634 779 3005 6213 4356 4077 1336 6258 1181 1956 979 2962
58 1905 6257 9688 779 4293 915 6265 5097 8750 3523 3079 6258 8140 4340 7949
59 6257 6213 3079 779 3895 5097 1423 8750 4356 8175 296 8674 9688 4340 6258 8841 6054 935
60 1905 6213 1423 7215 4077 3660 3079 9305 5135 5692 578 6258 1956 4340 3074
61 4293 6257 779 5097 1423 7215 8720 6213 3536 8549 3079 9688 712 6258 2962 2240
62 1423 5634 4293 5135 815 7215 790 6257 6859 9688 3743 4880 5097 6258 6269 935
63 4293 6213 815 8750 3743 6257 1905 790 1423 9305 5097 9688 6519 6258 7012 7949 79
64 6257 5634 1423 3895 7437 3079 4821 9305 4077 5135 6224 6413 6258 4340 9688 6054 7413 2962
65 779 5135 9688 1905 3660 1423 1181 915 5097 6257 3743 4821 3895 6226 3074
66 1423 7925 4077 6257 6213 779 1905 6258 5097 4039 8750 1323 4880 3079 4340 4362 3074 935 1668 2240
67 1905 7215 6257 5097 7437 1323 1423 3743 5330 949 779 8720 9688 7434 3079 6258 935 1668
68 5097 1423 4293 779 1905 6257 3743 7115 4077 3895 5634 5135 6226 6258 9688
69 6257 4293 915 1423 3297 1181 5135 4644 8040 779 3895 6258 7012 6413 1496 9013 3074 7699
70 3895 4039 6257 790 7925 2863 6413 4293 6859 8720 4644 3005 5097 3079 6258 4340 935 2240
71 1423 4293 5634 915 2863 6257 3895 7382 815 3660 9688 3079 6258 4340 5097 1042 9013 935 1668
72 6213 1423 4704 7215 1905 5097 1032 5135 3743 3079 6265 9305 6258 9688 2962
73 1905 1423 5634 5097 8750 1323 3660 7115 790 9636 8549 3079 9688 4060 6258 3074 935 2962
74 6257 779 1423 1905 4704 9688 4644 3079 7925 4880 4486 5135 6258 5097 2962
75 6213 4293 1423 779 5097 5135 7215 6257 815 9688 5692 4077 949 6258 6101
76 1905 779 1423 6257 366 4077 4293 2406 5135 3392 3079 6226 1181 6258 3074 935 979 2962
77 1423 5135 3079 6257 5634 4644 7925 779 3895 815 4060 5097 6258 4340 1625 4985
78 6257 5634 5097 1905 8469 6213 7925 9305 7352 1423 6413 6258 2240
79 4293 1423 6607 5634 5135 790 779 6257 915 1323 4340 6258 935 3074
80 4293 6257 1423 779 3297 4644 6258 790 7215 3895 5634 5097 9688 1042 3074
81 6257 5097 3079 4644 7925 4293 7215 8750 1423 779 6258 4340 450 935 7949
82 1423 4293 4644 4938 5634 1905 9305 8549 7382 3079 9688 5097 6258 949 4340 6054 3074
83 4293 6257 779 6519 9305 1905 815 2863 3743 6506 5330 5097 3074
84 6257 4293 5097 3660 6213 1423 3557 9636 7352 9688 3079 1323 6258 4704 2486 1042 4340 4985 3074
85 915 6257 2406 5097 8750 4293 3660 815 949 4704 1905 9688 6258 2486 1496 1956 1625 3074
86 4644 1905 1423 4293 4077 6213 815 7925 5097 4938 6859 1323 3079 9688 6258 1042 4340 3074 935 2962 321
87 4293 6257 4644 5097 9305 4356 5634 5135 8750 2406 6258 9688 4060 7474 1625
88 4293 5097 1905 6257 1423 779 3005 3079 5135 3660 790 5330 7459 5547 4340 2962
89 4293 5097 4644 9688 1423 8750 3297 8720 779 4077 2406 3079 6258 1042 1956 935 2962
90 4293 1905 1423 3895 5634 790 1323 779 8549 3660 9115 9688 6258 4340 935 3074
91 6257 4293 9688 5135 3895 4821 1423 1905 4644 8720 4704 5097 5547 3074 2962
92 1423 6257 3297 790 815 4938 8549 9305 915 5634 9688 6413 5097 3743 4077 9265 6258 1625 935
93 6257 4293 3079 9305 7174 3660 8549 779 4060 871 7215 6258 450 3074 2240
94 4293 6213 1905 8750 779 9305 1323 2586 5097 5634 6258 3079 1496 949 935 2962
95 779 5634 5330 4293 3660 2279 8750 790 6258 2962
96 1905 779 4293 6506 1336 6257 8175 4644 3743 4039 5097 6258 4340 4985 9013 935 2962
97 6257 4293 779 1423 7352 8750 8040 3079 3005 3297 1905 3895 6258 935 1668
98 4293 4356 779 1423 7174 8549 4077 815 5135 6213 3895 6258 935 7699 2962
99 3743 9305 1181 8750 6257 7437 7925 8720 4293 4340 450 6258
100 4293 5634 779 1423 5097 2406 4541 4077 3895 915 5135 1905 6258 4985 6054 935
101 9688 6257 5679 3895 779 8674 1423 4293 3005 1323 9636 9442 4340 4541 3079 5097 6258 6170 4985 935 79
102 1905 5097 5135 815 1423 9305 3743 6224 8549 790 915 779 9688 6258 4340 6054 3074 979 2240
103 1905 1423 8750 4293 9688 779 9305 6213 7228 915 6413 6258 4362 2962
104 3895 9688 3743 4293 7215 6257 1323 1905 790 1032 3005 5135 8750 6258 450 321
105 4293 6257 779 3895 5097 2863 6213 790 5135 6859 3660 1423 9688 6258 2962
106 3079 3895 8040 5330 7352 4938 9102 4293 8175 7215 790 6226 4340 935 7949
107 5097 6257 1905 4293 9305 2586 3297 7215 6213 6506 5135 7012 6101
108 4293 9688 1905 1423 4644 6519 6413 779 3079 6213 5704 871 5692 6226 6258 4340 450 3074
109 5634 5135 1905 779 7352 3660 7925 6257 4077 9688 3079
110 4293 1423 7174 9305 3743 4880 2406 3079 1905 4077 8175 1208 5097 6258 935
111 1423 5097 4293 779 1905 9688 6213 6257 915 815 7215 1323 3297 3079 1496 6258 450 6101 935
112 4293 6257 9688 5634 8549 6213 3895 1323 1905 5135 7215 815 6258 4340 6054 1668 2962
113 4293 1423 815 8549 5634 6213 3005 2406 6226 3079 578 4880 9688 4060 4340 6258
114 4293 5135 7215 3743 1423 1905 5097 6379 7925 3079 6257 9688 4356 4340 4985 3074 2962
115 8720 9688 6213 3079 1423 6413 815 4704 7925 5097 7352 5330 6257 4356 6258 4340 935 1668
116 3743 4644 779 5634 1905 5135 815 2863 8750 5097 9688 2263 8140 6258 935 3074
117 7174 4293 815 779 5097 5330 6257 8549 3024 3297 3743 4558 6258 4340 9139 2962
118 4293 1423 915 6257 7215 1905 9688 2586 5135 7437 4077 1323 935 3074
119 1423 6257 1905 5634 4293 5330 8720 3005 815 779 4356 9688 3079 6258 6101 3074 2962
120 1423 1905 4293 8549 8674 5097 8750 6213 6859 8175 6639 6258 7012 935 2555
121 1905 5135 915 6257 7215 8750 3297 3079 5634 1423 790 6226 6258 5097 450 2962
122 4293 1423 5097 3660 6257 8674 7174 6224 5634 2863 9688
123 915 8750 4293 6213 6257 1423 1905 7925 2279 3079 6258 4340 1625 3074 935
124 1905 1423 3895 3297 9688 3660 5097 2279 8750 9442 779 4880 6258 7699 2962
125 6257 1423 1905 4644 7925 8674 3297 5634 779 9688 949 6258 5097 3074 935 7699
126 4293 1423 3743 915 6257 6213 8768 779 4356 366 6226 3005 246 3074 935 2962
127 3660 3743 7925 4293 3079 1423 5097 6506 815 7437 6413
128 5097 1423 6213 8750 1905 2863 4644 4293 915 6226 3079 8549 790 6258 1956 4340 4985 7413 2962
129 1423 4293 6213 3895 8040 1905 8750 6519 3079 4077 5097 578 6257 9688 4356 6258 4340 1956 4985 3074 4326
130 1423 6257 3079 4293 3895 779 6519 7437 4077 4644 2863 4929 3074 321
131 4293 7352 1423 1905 779 3297 9688 6639 5634 7174 6413 5097 2962
132 9688 6257 1905 3895 3392 779 1423 4293 790 1323 4704 3297 3005 6226 3079 6258 5097 2962
133 1905 5634 915 3895 3660 815 6213 7215 5135 9305 6258 1956 1625
134 4293 3079 6257 3895 4039 5097 1905 6213 4644 779 1423 7503 2962
135 5634 779 5097 6257 1905 6607 4077 6859 7925 6213 7434 4880 4340 6258 7012 9013 1625
136 4293 6257 3079 8720 7352 8549 4644 3895 4039 7215 7434 1323 6413 6258 6101 3074
137 5634 5097 6257 4644 790 8674 1423 8720 6519 2406 4880 6413 3079 9688 7012 6258 6547 3074
138 815 6257 4293 1423 6607 3660 2406 1796 3523 3079 6258 5097 9688 1956 935
139 6257 1423 4293 3557 3079 9688 4644 5135 1323 779 7352 4880 5097 6343 4340 6258 523 4985 3074
140 6257 4293 790 1905 3005 915 3895 4683 3392 6265 1796 5097 6258 6054 2240
141 1905 6257 1423 7437 3743 6213 4938 8674 8750 3297 9688 6258
142 6257 5135 8040 8549 4293 3005 5097 779 6258 7352 9688 4880 7437 4340 6170 4985 935
143 5097 7215 1423 915 3743 7437 9115 3079 7174 779 815 9688 1496 712 3074 2962
144 5097 4293 1423 3660 2406 915 3743 5135 779 9688 3079 6519 4356 4340 6258 9013
145 779 3079 6257 4293 8549 3297 1323 6213 1905 4644 4077 1423 4880 6258 450
146 4293 779 1905 1423 3743 3895 8720 366 6257 3297 5135 6258 4340 3074 935
147 4293 1423 9688 790 8720 4644 6257 4880 4039 779 5634 4340 935 3074
148 779 6257 3895 9688 6213 3005 7925 1905 815 4293 3536 3079 4340 6258 1625
149 9688 7352 779 5135 8750 4293 815 3660 871 6413 3079 4340 6258 4985 2962
150 6257 3079 8549 4077 2515 779 4293 4486 815 1323 949 3660 9305 6258 1625 3074
151 6213 5135 4938 915 8469 4880 779 8720 8549 3895 5097 1668
152 1423 9688 6257 3660 3895 5097 7382 915 2586 4293 4644 4356 7434 6258 3079 4340 2240 935 2555
153 779 9305 4293 6213 5634 815 1423 6257 9636 3079 4880 4340 6258 1625 4985 3074
154 1423 6257 6213 8549 5097 3297 3660 7399 296 6226 5135 1905 854 6258 6170 4340
155 6257 4293 1905 790 779 3079 1423 4077 9688 5135 5097 4644 2863 3895 6413 6226 4558 6258
156 4293 9305 9688 915 7215 8750 779 5135 3297 4356 5097 4077 4340 7012 6258 6170 9013 935 3074 2962 2240
157 4293 1905 4077 6257 3895 4644 9688 1439 6413 1423 8720 6607 3743 3079 6258 5097 4340 2962
158 4293 1905 5135 854 915 7925 5634 6257 7352 246 6258 321
159 1905 4293 4077 5097 4704 5634 871 5135 1423 9688 8750 6213 6258 4340 450 3074
160 4293 1423 5634 6257 7925 815 3523 1905 4880 3895 4060 9688
161 4644 3297 5135 8549 2406 5097 4140 779 3079 8674 4077 949 9688 246 6258 7012 1496 935 1668
162 1905 5634 4293 7437 779 7215 4644 4704 949 4340 3074 2962
163 6257 1423 9688 5059 4293 6506 3079 6519 1323 2111 6413 5634 3895 6258 321
164 915 1905 4293 5634 6257 5330 779 5097 4644 1423 790 9688 935 2962 2240
165 1905 6257 9688 6213 5634 3297 4293 5135 6413 4077 3005 3743 3895 3557 5097 6258 8841 4340 935
166 1423 3743 5634 4293 3523 3895 6257 8549 6859 8674 6258 2263 6226 5097 8841 935 2962
167 6257 5097 7352 3660 5634 5330 779 4293 3005 296 6413 6258 4340 3074 2962
168 6257 1905 1423 3297 7925 9115 5097 3895 6607 779 9688 7215 6258 4340 7474
169 1905 779 3660 4077 9305 9688 790 3743 3079 6413 6257 7925 1423 3005 5097 6258 4340 1625 935
170 5097 815 7215 4077 3660 6213 7352 5330 1423 9688 6257 4644 3079 4340 6258 9013
171 1423 9688 6257 9305 3745 3079 1905 7215 6859 8750 7352 915 1323 141 5097 6258
172 6257 1905 4293 9688 5097 3079 8549 9102 3297 6213 779 8175 9115 6258 450 1042 3074
173 1423 4644 1905 4293 6257 779 790 3536 5097 3005 4077 6413 8040 9688 4060 3079 6258 8140 6101 2962
174 6257 3743 9688 1905 2406 7352 2863 5330 3660 815 3392 1032 3079 6258 3074
175 1423 4293 4644 5135 3536 3895 1905 3660 815 4880 4340 6258 6054 2240
176 1905 915 6257 1423 8549 5135 5634 5097 8750 3005 4356 9688 5330 4060 6258 935
177 4293 779 9688 5634 9305 7174 5135 5330 815 6413 3079 8140 3074 2962
178 779 6257 1905 5097 815 3079 4293 7215 4356 3660 1423 4938 4077 9688 4340 6258 4027 6054
179 1905 4293 5097 815 6224 6257 7215 5634 5135 5679 3895 949 9688 6258 3079 4340 6170 1625 4985 6054 2962
180 1423 4293 1905 5097 6213 5634 3079 7352 779 7925 1323 4060 6258 1668
181 779 1905 3743 6257 8750 2863 1323 1423 4821 6249 3297 3079 4558 3074
182 4293 3297 2863 4644 779 3079 5135 3523 9305 5097 4541 790 2240
183 7174 4293 1423 5097 7215 5634 3297 8674 8549 3743 4356 3074 2962 2240
184 1423 3743 5135 1323 7215 4293 8469 854 8750 4356 9688 6258 8140 4340 4558 4985
185 9688 779 6257 3079 3895 3660 7437 1423 790 1323 3005 5692 4077 3745 4340 1042 935
186 1423 3297 4293 9688 7382 1905 915 4060 949 3005 779 3743 1796 6519 7413
187 1423 4293 779 3743 4644 9305 3079 5097 3536 4039 3392 4060 6258 935
188 8549 5135 4293 7925 5634 1905 4644 4683 9688 5097 6258 935
189 4293 1423 3895 7925 3297 779 8720 3536 1323 4880 5097 9688 6258 6170 7285 3074 935 2962
190 6257 4293 296 3743 815 5135 2863 8674 3895 728 3079 5097 6519 6226 6258 2240 2962
191 1905 6519 1423 4644 815 8549 6224 2406 7925 4880 1323 3079 6258 450 3074 2962
192 8549 3297 5135 4293 1423 6213 5097 6257 915 4039 8720 5359 3079 9688 949 450 6258 4340 1625 6054 935 2962
193 1423 1905 9305 3743 4880 5097 3895 790 7437 6506 6257 3297 2863 3079 6413 6258 2962
194 1423 8549 815 3079 915 3005 5634 779 6257 9688 6413 4293 3895 3745 6258 4340 3074
195 4293 3660 6257 9688 815 1905 7925 779 7352 5097 3743 4362 6258 1625
196 4293 5634 3895 1423 779 7925 6257 9688 2863 5135 10 5097 6258 935
197 3895 1423 8040 3079 5135 7925 6213 4293 1181 7215 6257 1905 4060 1956 6258 6547 2962
198 915 8750 790 4293 6257 6213 9305 3079 1423 5634 1905 5097 9688 4340 935 2962
199 4293 4039 6213 4644 6257 4880 3079 3660 8750 1905 5097 5704 9688 6258 3074 2240
200 915 1423 1905 6213 8720 4293 3297 3660 5330 1323 790 5097 9688 6920
201 1905 1423 6257 4293 5097 4077 6607 3743 6519 296 7115 790 6258 5330 3074
202 1423 5097 6257 4293 915 3297 9688 3079 9305 3005 8469 2406 815 1323 6226 6258 949 4340 3074 935 2962
203 1423 1905 4293 9688 6213 1796 5634 8549 6519 4077 779 296 3074 935 79
204 1423 4293 5097 6257 915 4644 5634 3297 6413 8549 6213 4486 949 6258 935
205 6257 9688 915 3297 4293 8549 9305 5634 6213 5097 7352 4039 6258 9013 321
206 4293 6213 815 5135 1905 3895 8549 790 6257 3005 8674 5097 4486 6258 4340 6054 4985 3074 2962
207 1905 3297 815 6257 5097 4293 3417 9688 1423 7215 3660 2406 5547 6258 6226 2962
208 4293 4644 1423 5634 5135 8750 4039 949 6257 4077 8040 6258 3074 2962
209 8549 1423 8720 8750 4293 4683 4039 3660 9688 4060 6413 3074
210 3297 1423 779 8549 5135 9305 6257 915 1323 1905 3895 5330 5097 6258 4340 450 1625
211 4293 915 6257 5135 3005 779 1905 7925 5097 296 790 6413 3079 6258 1956 6054 7736 935 979 2962
212 1905 1423 3005 6213 6257 4486 4821 8175 4293 5634 4541 6258 6226 7012 4340
213 4293 8549 3895 790 779 6265 5135 915 7352 7434 6226 6258 4340 3074 1668 2962
214 8549 3895 9688 3079 790 2406 815 4293 5135 5097 6257 7215 1423 3005 3362 6258 4340
215 5135 1905 8549 3743 3895 2406 1423 3660 2863 5097 5679 4293 9688 3079 1668 2240
216 4293 4644 3895 1423 5634 6257 4039 9688 8549 5097 779 2863 949 6258 8841 6101 2962
217 6257 8750 1423 790 3079 1905 8549 7437 4644 815 3895 4077 6258 1042 3074 935 7949
218 1423 4293 6257 790 1323 8549 5135 3079 7215 8040 3743 8469 9688 3362 6258 4340 1625 2962
219 9688 1423 6213 5097 7925 3895 7215 6257 8549 779 5135 6258 949 450 7012 1181 4340 9013 6547 2962
220 1423 4293 779 6213 3005 6413 3743 1905 7437 6506 1323 5097 6258 8618 2240
221 1905 5097 3660 2406 2863 1423 3895 6257 8720 5135 7434 4644 9688 4340 3079 6413 6258 4985 2962
222 6257 6213 1423 7925 2863 815 4293 779 3536 4077 9688 3079 6258 5097 6920 6054
223 5634 6257 4293 779 790 5135 4644 4077 1905 9688 3005 4486 5097 6258 7699 2240
224 5634 8674 5097 1423 779 4293 7925 1905 6257 9305 9688 6258 1956 3074 2962
225 4293 5634 4644 6257 8549 3743 8674 1423 6859 7352 6258 3074
226 1423 6257 6213 779 4293 6859 2863 790 7437 9305 1323 6258 6226 9688 3079 450 3074
227 4644 1423 9688 5097 1323 5634 3660 4077 6257 790 815 3017 9305 6258 745
228 4293 1423 3005 6213 9688 3079 779 1905 8750 6257 7399 790 4929 949 935 3012
229 1905 4293 3079 9305 8750 1423 578 2406 6859 790 3297 9688 6258 5097 949 2263 935
230 4293 6257 1423 815 9688 1905 915 8549 4644 3743 7437 949 5097 6258 9265 4340
231 6257 5135 4644 7925 915 5634 3005 6519 3079 8549 9688 2863 4340 6258 5097 1042 935
232 779 4293 5330 8750 6213 9688 4880 4340 6413 3079 6506 1905 3005 4356 1042 3074 321
233 4293 6257 4644 6213 7925 3536 815 2406 1323 3895 9688
234 4293 5097 6257 6213 8549 790 9305 4077 6468 4929 4060 7352 3895 3743 9688 935 2962
235 1423 1905 3079 6213 5634 6413 779 8750 815 5330 4821 935
236 6257 3079 1423 4293 1905 5634 4644 7215 7174 9688 8040 6413 6170 5097 6258 7474 1625 2240
237 4293 6257 5097 3743 1423 915 1905 4880 8549 6859 779 8720 3079 4077 6258 7012
238 790 779 6257 4293 4644 5634 7215 4077 1336 8750 4340 1625 935 3074
239 6257 4293 8469 1423 5097 3297 8549 4821 3895 7115 2586 4060 7399 6258 4985
240 1423 4293 6257 8040 3005 8469 9115 5634 7810 8549 1323 9688 6258 79
241 6257 1905 790 4293 7215 5634 5097 5135 9688 1423 6213 3895 6413 3079 6258 6920 6226 4340
242 1423 6257 4293 7215 6265 790 6213 3005 915 5634 9688 5097 6258 9265 935 3074
243 9305 3297 1905 3536 4293 3743 4644 8720 6257 1423 3079 6258 7434 4060 4340 9013 3074 321
244 4293 7215 3895 779 5634 6213 2406 3523 6258 6257 9688 6054 935
245 7434 8720 4293 1423 8549 779 4704 1905 8674 5097 915 4356 9688 6258 949 4340 6170
246 1423 6257 5634 779 8750 1905 5135 6213 3079 790 5097 3895 4340 7012 3074 935
247 4293 815 1423 3523 3392 5097 1796 779 7215 3153 6257 9688 4340 6258 4985 3074 2240
248 6257 779 1423 4293 3297 6213 3743 3005 1905 790 5330 3895 9688 3079 4340 6258 1042
249 1423 6257 1905 5634 4644 779 815 7215 5135 4077 5097 6258 9688 3079 4362 4985 4340 2962
250 5097 9688 6413 7925 790 3005 7437 5135 2406 6257 8720 1905 3079 2863 4340 6258 3074 2962
251 1423 3297 3079 779 6265 790 6213 6257 3895 3660 8720 6258 1496 935 3074 2962 2240
252 915 4293 5097 779 6607 3895 4356 6506 8674 7215 3079 9688 4060 450 3074 2962
253 1905 6213 779 915 1423 4077 2863 4486 5330 6257 9305 4293 9688 6258 3074
254 9688 1796 3895 1905 3005 3079 4704 6213 915 5097 3297 4644 8720 7352 6258 1625 6054 935
255 9688 5097 2863 6257 4077 3079 1905 6213 3895 578 3563 4704 5634 6413 4821 6258 949 450 1668
256 4293 1423 4938 8549 6257 8750 7352 1905 7115 6859 6226 4077 5097 935 3074
257 1423 4293 1905 779 6213 4060 3743 790 4039 7925 3079 8549 5097 3074 7949
258 6213 915 5135 5634 6257 1905 9305 7925 1423 3079 296 4340 1956 6258
259 1905 3079 4644 4704 1423 4293 4077 6257 5330 949 915 6607 9688 5097 7012 6258 1956 6547
260 1423 6257 779 1323 4293 9305 7215 4486 5097 815 3297 6213 6413 6258 4340 450 3074
261 1423 779 4293 3079 7352 4644 7925 5097 3743 9305 3895 6258 4326
262 1905 3895 4644 4293 6257 5634 8750 790 7174 4077 4340 6258 9265
263 4293 8750 5634 8549 1905 815 6257 5135 8674 9688 6258 3079 5097 7012 935 2962 979 2240
264 1905 4293 1423 6607 6257 6213 915 1323 4356 9102 3743 790 6226 4340 6258 4985 935
265 9688 3079 4077 8549 6506 7215 5634 4644 6224 1905 8750 5097
266 779 9305 1423 915 5135 6413 1905 1323 5634 5330 7352 4340 6258 3074 7699 2962 2240
267 1423 3895 9688 6213 815 5634 779 8750 1905 5135 1323 5097 1496 6258 1956 4340 7413
268 1423 4644 4293 1905 9305 3895 2863 6213 5634 8674 949 3079 5097 6258 1042
269 5135 1905 6257 5097 1423 7215 4293 3079 4644 3005 9688 7437 6859 6258
270 1423 4293 6213 790 779 6257 9688 1905 5135 3745 296 728 450 6258 4340 6054 935 3074
271 1423 5097 3523 779 1323 4644 7925 6257 1181 5135 9442 9688 3074 2240
272 6257 1423 4293 5634 6213 6265 4077 5097 4644 7215 3079 7434 9688 6258 450 3074 1668
273 4293 6213 6257 9688 3079 7115 9305 6506 3392 815 3743 6413 1423 6258 1042 712 1496 6170 3074
274 4293 1423 8750 5135 1905 6257 3895 5330 779 5097 815 6258 4340 4985 6054
275 3079 1905 779 6213 6257 9688 790 4039 3297 4293 6413 815 5097 8469 4558 6258 6547
276 1905 3743 5135 6257 7437 790 4293 1796 2406 9115 4039 5097 6258 4340 450 3079 935 3074
277 4293 5097 9688 1905 9636 790 1796 1423 7399 4644 7434 6213 3079 6379 6258 4985 4060
278 1423 4644 8750 3079 3895 1905 6257 9305 6506 815 915 9688 6413 6258 4340 6054 2240
279 6213 3079 9305 4293 779 1423 8549 4039 1905 6379 1323 7434 7474 6258 1956 7713
280 8549 1905 9688 3895 4293 6506 790 1423 6213 4704 5135 4077 5097 3079 949 4340 6258 3074 2962 935 2240
281 3895 5097 7215 1423 790 7352 3079 6213 8720 5634 6257 3743 2863 9688 6258 9139
282 5097 578 1905 7215 1323 6257 4644 4293 9305 3079 779 4077 790 6258 6054 1625 3074
283 4293 1423 7215 6257 3079 1905 5135 915 779 2279 4060 9688 4356 4340 6258 5097 1625
284 1423 1905 8750 6257 8549 6213 3079 7352 4293 5135 3895 6258 4340 935
285 5634 1905 4704 3297 4293 779 3660 7215 6257 3079 5097 4340 9688 7012 6258
286 4293 1423 5135 6257 815 3523 3660 3005 3079 9688 1905 6859 4077 5097 6258 450 6054 2962
287 1423 4293 5634 6257 3536 815 915 1905 779 3743 3079 4340 6258 2962
288 6257 4293 1905 815 915 6519 7215 1423 9305 779 9688 8040 5097 6170 6258 4340 6054 7413 2240
289 1905 4293 6257 4644 4077 6213 915 790 3745 6519 3660 7399 6258 9688 935 2962
290 4644 1423 6213 5634 5097 3895 7925 8549 4293 9305 4060 9688 3074
291 6257 3297 1423 5097 3895 3660 5135 5634 8720 7925 1323 9688 7012 6258 1668
292 1905 3079 578 7215 2863 4880 4938 6257 7925 3743 296 915 4060 5097 2962
293 7215 4293 5634 1323 8720 1423 6213 815 4356 3743 1796 3079 9688 5097 7434 4340 8618 3074 1668 2962
294 4293 1905 915 3297 5634 6257 7174 815 9305 3079 6213 6258 4340 935 2962 2240
295 1423 6257 8549 5097 4644 2863 4293 1905 8674 4821 4039 3297 6258 6054 935 2962
296 7215 779 815 6257 9688 1905 915 1423 9305 3660 4293 6258 4340
297 1323 1905 9688 6257 5330 8720 3660 4077 915 3743 1423 9115 2863 5097 3745 4340 6226 3079 6258 4985 1956 745
298 1905 6257 1423 5097 4356 1181 4293 4704 6519 4644 915 6226 7437 6258 4340 3074 935 1668 321
299 1905 6213 4293 4644 4077 915 3297 3079 1423 3745 6257 4880 5097 790 5704 949 6258 4060 4985 1668 3074
300 1423 4293 8750 1905 9688 815 6213 5330 6519 3297 790 4340 8040 949 6258 6054 935 4326
301 4293 3895 779 5097 3743 915 8750 1423 7215 5330 8040 6258 4060 4340 935 2962 321
302 4293 8750 5634 2406 5097 1323 6506 815 3743 779 6258 450 1042 2962
303 4293 6257 9305 8175 8674 5097 1323 3297 1181 779 5135 6258 3079 6226 9688 7474 7413 2962
304 5634 9305 1423 9688 4644 8549 3743 3017 4293 2515 5097 4340 6258 450 9013 79
305 4293 3079 3895 6257 7925 4644 1905 4077 790 5330 3660 5097 6258 141 6054
306 4293 5097 1423 815 9305 8674 5135 3079 6213 6257 8549 790 3005 4060 4340 2962
307 1423 9688 1905 6257 815 5135 7437 779 3079 3297 1323 4704 3005 5097 4340 6258 1496 3074 2240
308 6257 5135 3895 1323 6213 5634 815 1905 9688 9305 915 8720 3079 4340 7434 6258 5097 450 3074 935 2962 2240 79
309 1905 915 6257 779 1423 5135 7215 9305 9688 4356 7115 5634 935
310 6257 779 790 1423 8720 1905 9305 4644 4039 3743 1323 5552 3079 6258 4340 1625 935 3074
311 1423 9688 1905 7925 4293 8720 8549 3079 1336 2289 6607 6258 6413 1496 7699 321
312 4644 1905 3297 4293 5634 5330 6413 6257 3895 5097 8750 4060 949 4558 6258 9688 6054 6547 935
313 6257 4293 5097 6213 296 3079 1905 915 5634 790 728 7115 6859 9688 1042 6258 935 1668
314 4293 1905 9688 790 3297 6213 9305 5634 6257 1423 3895 2406 7474 7434 6258 450 1496 4340 4985 1668
315 1905 4644 6257 9305 4821 9688 790 8750 4683 5330 5097 4077 3079 7434 6258 3074 935 2962
316 3660 3895 4644 7215 4293 7352 1905 1423 4077 5135 1625 6258 935 3074 7762
317 6257 5097 1423 3079 815 1905 5634 8549 3297 4683 5135 4486 4077 6226 6258 4340 6920
318 4293 1905 5135 3895 9688 1423 3743 4644 8750 5634 5097 6258 3079 4340 8140 1042 450 935
319 915 779 1905 1423 3297 8549 8750 1796 5330 4293 3079 5097 4340 6258 6101 3074 321
320 4644 4293 9688 1905 6257 3297 779 5679 1423 3660 6519 3079 4340 6258 1042 3074 935
321 1905 1423 3005 8750 3660 4644 4077 8720 6257 4039 5097 949 3745 6258 4340 6054 935 1668
322 1905 3895 5330 5097 7215 3660 3523 8549 578 5634 4060 6258 935
323 6257 4293 915 5097 9305 1323 815 8549 3297 1905 6425 4880 1423 4356 9688 4340 6258 1496 3074 2962
324 779 4293 6257 1423 8720 4821 3895 4077 5097 7174 5330 3079 6258 9688 4340 3885
325 5135 915 6257 4293 7352 1905 5097 5634 2406 9305 9666 7434 3079 6258 712 6054 321
326 4293 815 5634 1423 5097 779 6257 3743 3895 915 3079 1323 4880 1181 6258 4558 935 3074 2962
327 1323 5634 1423 3743 4293 1905 8750 5135 4644 3745 9688 3079 6258 4985 4340 935
328 790 1905 1423 4293 4644 6213 815 4077 6257 3297 5634 7434 3079 9688 6258 7474 6054
329 1423 6257 4644 3297 4293 5097 1905 9688 6506 8549 4077 779 1323 3079 6258 4558 935
330 1423 6257 5097 915 779 790 4293 6213 4938 3660 4039 9688 6258 4060 2240
331 5097 6257 4644 1423 3523 8549 5634 3743 4293 1032 4929 4340 1042 3074
332 1905 5097 4293 6257 9688 3895 7925 3005 6519 3523 3079 6413 5135 4077 1336 4340 6258 450 9013 3074 7949
333 1423 9688 3743 5097 4293 8469 3392 7382 7437 779 3079 6258 4340 1625
334 1423 790 8750 3297 9688 6213 779 6413 5634 6257 1905 2863 5097 4060 2263 6258 450 2327
335 6257 1423 1905 9688 5097 3079 790 4293 5634 6213 4704 4644 815 7434 450 6258 6170 979
336 1423 9688 5097 5634 3743 6257 7215 779 4644 3079 4293 4340 1323 2863 6258 2263 450 1625 6054
337 779 3005 5634 3895 3079 1423 6257 9305 7340 1323 915 4929 9688 6258 8140 5097 4340 4985 6547 1668
338 1423 4293 6257 6213 4938 790 1905 9305 6226 4929 578 915 5097 9688 6258 8140 6054
339 1905 4293 1423 6213 4077 6257 3743 815 5097 6258 915 5330 7925 9688 6226 6054 2962
340 6257 4293 1905 3297 779 1423 5634 7215 8720 1796 9688 5097 4558 6258 3074 935 3012
341 4293 6257 4644 3005 6213 815 5135 6607 1905 5097 1423 9688 6258 450 4340 3074 1668 935 2240
342 3895 6213 3079 5634 6257 8720 3660 1905 9305 915 5135 9688 4340 6258 8722
343 4293 6257 4644 5330 9305 779 1905 1423 3079 3536 3895 6258 1956 3074
344 815 1905 4293 1423 8750 2406 915 9688 779 3536 6258 5097 6054
345 6257 1423 1905 4293 790 4077 8175 728 6859 3536 779 6258 935 2962 2240
346 4293 1905 915 9688 7925 779 8750 3895 1423 5097 6213 4340 6258 1042 3074 935
347 4293 5634 8674 8720 779 1423 3743 6257 3895 3297 9688 4340 5097 1956 2962
348 6257 9688 1423 1323 4644 4293 8549 790 3079 7925 9636 8720 6258 5097 4340 412 2240
349 1905 3079 5330 9688 1423 8750 4644 6213 4880 6257 4293 3743 5097 6226 935
350 4293 1423 7215 5634 4644 3392 2406 6257 6213 6413 5097 4340 3074 7949
351 1905 3743 1323 4293 1423 5097 5634 7215 4039 815 296 9688 4077 6226 6413 4060 6258 6920 6054 3074
352 5097 4293 3079 1905 3005 9688 3660 1423 3297 6413 7352 4880 3392 9305 6226 6258 6054 9139 2340
353 6257 4293 5135 4644 4880 5692 7174 1905 5097 366 8040 3079 6258 450 3074
354 1423 6257 1905 6506 915 2863 5135 4293 815 6213 4039 6258 9688 6054 2240
355 6257 4293 3895 7215 3079 1905 779 3523 7434 1423 3743 1208 6413 5097 4060 3074
356 6257 5634 1905 5135 4293 8720 8750 1181 5097 3005 1423 6226 3079 3012
357 1905 6213 1423 6257 815 7925 4293 3079 4039 2406 7215 5097 6258 935 6101
358 3743 5634 1905 7925 6213 6257 4821 4293 578 3079 6413 6258 6170 4340 9199 1625
359 1423 779 4644 8750 7925 5634 3079 9688 3660 5097 2263 4340 6258 7736 2962
360 4293 3005 5634 6413 3297 9688 5097 3743 3895 7352 1905 7434 3079 815 4356 1796 8040 7012 6258 3074 935
361 4293 1423 1905 815 7437 3660 9688 779 3743 6257 3005 6258 1042 4340 4985 7949 3074
362 3079 9688 5330 4644 3297 1905 4293 6257 779 578 7352 4077 3074 935
363 4293 779 1323 5097 1423 6257 3536 6413 296 2279 3743 3297 3079 9688 4340 6258 2962 2240
364 1905 5634 3005 6257 3895 790 1423 8720 4039 5135 4293 1336 3079 3074 2240 2962
365 1423 9688 4293 3017 8549 4077 8750 779 1905 4683 5097 6258 6054 450
366 779 6257 790 1905 3895 5097 5679 4644 4293 3536 5330 2863 6101
367 6257 5135 1423 3079 7925 1905 8175 5634 6413 5097 9688 7115 8549 6226 6258 6054 2962
368 4293 6257 3895 2863 1905 7925 4683 8469 5135 790 6258 450 9013
369 1423 4293 3895 5097 4880 7352 6257 915 3743 3660 5135 7399 6258 7012 4340 7413 2962
370 779 6257 1423 1905 5634 5097 915 3079 8750 8720 4039 9688 6226 6258 7434 3074
371 6257 1423 6213 8750 7437 8040 8549 1323 5097 8720 3660 6258
372 5135 5634 6257 7174 6213 9305 4293 9688 8469 3079 1323 450 1956 3074 2962
373 5135 9305 9688 6519 5097 7174 3743 5330 1905 1323 915 4880 8720 6258 3079 3074 935 7699
374 4293 6257 8549 8040 1423 815 1323 7174 5097 1905 3079 8750 3895 4340 9688 1496 6258 7413
375 1905 5634 7925 8750 815 915 1796 6257 949 5097 4644 3079 9688 6258 1956 979 935
376 6213 815 4293 5634 779 7174 3743 4077 1905 3297 7434 2962
377 6257 6506 4293 9688 3392 779 5330 7352 3536 3895 5097 6258 6547 2240
378 1423 1323 6213 3297 7215 815 3523 4293 9688 3743 779 3079 5097 4340 6258 3012 2962
379 1423 6257 4077 5135 4293 8040 9688 8750 1905 4486 7925 3895 5097 7012 9013 6258 935 3074 2962 321
380 3895 6257 5634 4293 4644 3743 7215 7437 8549 1323 5097 6258 7736
381 5135 1905 6257 6213 4644 3743 3079 3895 9305 4293 3523 5097 6258 450 9013
382 1905 1423 4293 779 815 4644 7174 6506 4060 3079 4077 6258 9688 133 4340 935 2962
383 1423 3079 4644 7215 4704 4293 5634 3297 3743 5097 5135 4340 9688 4558 4362 935 2240 2962
384 4644 1423 8750 9688 779 4293 6257 5634 1181 4077 3297 1956 2240
385 8750 815 915 9688 9305 5097 6257 4293 1905 949 8720 1423 8549 4340 6258 450 935 3074
386 1905 3005 3895 8750 5135 8720 3743 1423 8549 4644 1323 6258 3079 9688 450 1496 3074
387 6213 6257 1423 9305 915 6413 7382 4077 779 4880 6258 3743 4340 8720 3079 450 979 2962
388 6213 6257 5135 1905 8549 779 8750 4644 1423 9688 6413 3079 4558 450 3074 2962
389 790 5097 1423 1905 815 6519 5634 3743 4356 5330 6257 915 4293 3079 6258 9688 935
390 4293 6257 779 9688 1905 1323 7340 8549 3743 4821 7352 5097 6258 4985 1956 935 3074
391 4293 3743 6213 6257 1423 3079 8720 1905 2406 7215 779 5097 6258 4985 450 7736 935
392 779 6213 3895 3660 1423 8549 1323 5135 4293 6257 4077 6258 3079 4340 9688 1956 2962
393 915 4293 6257 1423 5097 8750 3895 8469 779 1905 3005 712 7012
394 4293 6257 9688 779 1423 3005 4644 578 6213 7925 3079 5097 4340 7413
395 4293 4644 5135 5692 4077 3523 6269 6257 949 6258 5634 1905 4340 9688 935 412
396 815 1905 2406 9305 8040 790 4293 6257 6519 5795 915 6213 1323 5097 7012 3074
397 1905 3079 8720 3660 5097 7352 5059 779 6257 6213 4077 6258 3745 935 3074 2962
398 915 4644 1423 4293 3297 1905 6213 3017 6258 7215 5097 3743 4340 9013 6054
399 5097 9688 4293 6257 4704 3005 7228 4077 4683 3895 3079 1905 3660 1323 4356 6258 4340 4060 2240 2962
400 5097 1905 1423 779 3743 4704 6607 7228 8175 9688 9305 3079 7434 7012 3074
401 6257 9688 4293 3895 5634 6213 1905 7503 3660 4704 3079 4077 6226
402 6257 1905 915 5097 3005 4293 7925 8750 3743 1423 815 6258 4077 4340 3079 2962
403 6257 3297 6265 4644 779 4293 1905 8720 4938 9688 3079 4340 6054 6258 7413
404 4293 7215 5634 6257 4929 1423 5135 6213 779 4077 4060 5097 6258 6170 4340 3074 935
405 1423 3079 9688 6213 5097 6257 4644 5634 1905 4293 5692 4039 7434 1181 4340
406 779 1905 5634 1423 6265 4293 3297 815 5097 871 3079 3895 6258 3074 2240
407 1423 1905 4293 6257 3660 5634 8720 3895 915 4704 4356 3074
408 1423 9688 8750 8549 6257 3079 2863 7215 779 3743 6506 3895 4356 6258 4340 9013 935
409 5097 3895 6607 1905 3743 790 8750 5059 6413 4293 2863 3005 6258 9688
410 4293 1423 9305 779 6213 5097 5634 6257 6265 915 4340 6258 450 6054 6547 1668 2962
411 1905 6257 815 5097 3895 9688 4293 5135 3079 3297 3660 6213 779 1625 4340 6258 450 2962
412 1905 3895 5634 7174 7215 3297 5330 815 4293 3743 9688 6258 450 6101 2962 2240
413 5097 4644 4293 9688 3297 5634 1323 7215 3079 6213 5135 3895 6257 4340 6258 4060 935
414 4293 5634 9688 3297 8175 790 4077 1423 4644 6265 7434 3079 6226 935 3074 2240
415 4293 779 6213 5634 854 3743 7215 7925 790 6258 4340 4985 1668
416 779 4293 5097 6257 6213 6519 8750 3895 9688 3660 4704 3079 6258 4340 7709
417 5135 1423 4293 3392 5097 9305 779 9688 3743 3297 6257 3895 1796 450 935 3074
418 6257 1905 5135 1423 3297 7925 779 4644 4293 8040 3074 935
419 6213 790 4077 4644 4821 2279 5097 3660 6506 4060 1905 7399 246 2962
420 1905 4293 779 1423 4077 7925 4644 6413 7174 5097 3895 6258 3079 4340 9265 935
421 6257 7215 1905 5097 3297 4644 6213 3895 6413 4293 2111 4880 1423 9688 3074 3012 2240
422 4293 6257 3895 1423 7215 4644 6607 5135 5097 4880 1905 9688 4340 4558 7413
423 4293 1905 9305 6257 2406 6258 3895 5097 8750 2279 4938 296 1496 935 2962
424 9688 3079 3297 8469 5634 1423 8720 3895 1323 5692 7174 6413 4060 6258 6226 4340 3074 2240
425 1423 815 3743 915 9305 871 4704 7215 3079 5097 3660 1323 3392 2263 6258 4985 935 2962 2240
426 5330 1423 915 8549 779 6257 3005 4293 8720 3895 4060 6226 5097 1796 1956 6258 2962
427 6257 4293 1423 779 4644 3660 3523 4880 2111 5097 1956 3079 6101
428 9688 296 3005 5097 1905 4077 3895 4060 1423 3392 6413 3660 5634 7215 6257 1956 4340 4985 6258 6054 935 2962 2240
429 779 4293 1423 815 9305 1905 1323 9688 6257 8720 3523 5097 6258 3079 6226 4340 9265 2962
430 1423 6257 6213 779 6258 9305 5634 3005 790 7437 4077 5097 915
431 6607 4644 6257 9305 7352 5634 296 1323 578 4077 4060 6258 4340 6101
432 6257 1423 8750 3079 915 779 8175 5634 5135 1905 6258 1625
433 5097 1905 1423 4039 6257 8720 5634 779 4293 6413 3523 6258 4340 935 2962
434 1423 7352 6257 3895 5634 2279 4880 3005 3297 3743 4704 6413 3079 9688 6258 4340 935 3074 2962
435 9688 5097 790 8175 5135 3743 6257 3523 1905 1423 815 6379 3079 6258 4985 2962
436 4293 1423 815 8549 5135 6213 3895 8720 9305 9115 296 935
437 1905 9688 4644 5097 6519 3895 1323 779 6257 3536 815 8750 3079 6226 6258 6101 935
438 1423 5097 7352 3079 779 8720 7399 8175 4077 3536 6257 9688 815 6153 3074 935 2962
439 1423 4293 6213 8549 5097 3743 7437 1323 5135 3079 915 6519 6258 7434 9688 450 9265 3074
440 6257 7215 3079 1905 6506 8549 1423 9688 3895 4293 815 779 7434 2263 6258 4340 3074 2962
441 4293 6257 1423 3895 1905 7437 6265 5135 6607 6258 3074
442 779 915 3392 1423 4293 9688 5135 6506 6257 7215 5097 2263 6258 4340 3074 6547 2962
443 4293 5097 3895 4644 7352 1905 9305 779 5634 6257 871 6258
444 1905 4644 5634 6257 6413 2406 4077 6506 4293 3536 5097 4356 9688 450 4340 2962
445 3743 790 3557 3079 7925 4644 8750 5634 7437 7434 5097 9688 6258 7012 4558 6101
446 4293 7115 7437 1323 5135 6519 4929 6213 5097 779 3005 1336 6258 4340 1625 9013 935
447 4293 5097 6257 1423 6213 3895 815 3297 1905 8674 9688 578 1323 6413 6258 7434 3079 1042 3074
448 779 815 6257 1905 915 4644 3895 5135 6607 1423 6258 9688 6920 450 6054 2962 79
449 4293 1905 7352 9688 7925 7215 1423 3895 915 9305 4340 3297 6258 9265 6054 935
450 4293 3895 1423 5097 8720 6257 6265 5634 3660 4077 3297 6258 935
451 6257 8469 8750 9636 8549 7352 1423 5097 7437 1323 2263 935 7949 2240
452 1423 3297 578 5097 7174 9442 4704 1905 2586 4356 5634 6413 7434 4340 1956 450 6258 3074 935
453 1423 6257 6265 915 2406 4293 5135 9305 6413 4039 5097 9688 1336 6258 450 4340 4985
454 3079 5097 8549 5634 4077 9305 7352 9688 7925 4821 6257 2586 1181 4558 4060 4340 6258 3074 2962 935
455 1423 1905 6257 815 3079 2863 5097 4293 5135 790 9688 3660 4704 7399 6258 949 1956 4340 4985 8722 3074 935 2240
456 4293 1423 1905 9688 3079 8469 6213 790 7382 4938 815 4077 5795 6258 8841 3074 935
457 9688 1423 779 4293 8750 815 10 8674 915 3660 2962
458 1423 1905 815 790 5135 5097 6257 3523 9688 1181 4293 3660 949 6413 4060 4340 7699
459 4293 5097 7352 3297 779 7215 1423 7434 5135 6265 9688 6413 6258 935
460 5097 7352 3895 4880 7925 2406 5135 8674 5634 8549 9688 4060 4558 6258 3074 935 2240 2962
461 779 4293 1905 3743 8750 7925 5634 9688 3297 1336 5097 4060 6258 935
462 4293 1905 1423 5097 6258 779 3743 3079 7174 8674 3660 3895 949 1496 6054 1625 352 2962
463 6413 779 1905 5634 815 3536 5135 8175 4644 9688 5097 6258 8618 935 3012 2962
464 4293 9688 4644 5097 7925 728 6257 3743 6519 3079 9305 5135 712 4558 6258
465 1905 9688 779 3079 4293 815 3005 790 4356 8750 7437 4077 3743 6258 6920 2962
466 4293 1905 6257 7215 7925 779 7174 4644 9688 9666 6258 4985 935
467 3079 5097 9688 4644 6257 7382 6413 4077 1423 9305 5135 5634 790 2863 1181 4340 6258 7012 6054 9139 3074
468 1905 6257 7174 4644 7925 1323 4293 6213 5330 3895 6258 1496 4985 3074 979 2962
469 779 4293 8549 4644 6213 3005 3743 5634 1423 3297 6258 4340 450 7413
470 1423 6257 1905 3895 3523 4293 3743 3660 815 9688 3297 790 949 1496 450 935
471 4077 1423 815 4293 4880 8720 2406 7174 8469 790 3079 7434 9688 6258 450 7012 2962
472 7215 779 5634 1423 4293 5097 9688 1905 8549 3392 5135 1956 6258 6547 2240
473 5634 3895 5135 4293 6258 8469 8720 1905 9688 5097 3417 8674 4340 9013
474 1423 4293 4644 3895 3392 1181 5097 815 790 5634 7437 6258 6054
475 4293 6257 9688 915 3660 2863 6213 3079 7215 871 779 5097 4938 4340 6258 3074 1668
476 4644 6257 915 4293 5634 790 1905 3743 8674 9688 8549 1323 6258 8140 935
477 4293 1423 3895 6413 815 6213 4821 8175 3079 7352 6506 5097 6258 9688 6054
478 4293 9688 6257 1423 1905 7352 5135 779 3005 7215 3743 949 6258 5097 3079 6170 2962
479 4644 779 1905 1423 915 8750 6506 7925 4060 9688 949 6258 5097 3074 2962
480 9305 7174 790 3743 4293 5634 4644 7399 3660 5097 7434 6258
481 4293 1423 8720 3895 6257 4683 6519 3005 915 7925 3079 2263 4340 450 935 1668
482 5634 1423 6257 3297 7925 5135 1905 4644 7174 5097 4362 2962
483 7215 1905 5135 8175 3297 5097 3079 1323 6257 8750 4293 4060 2863 4340 7434 6258 6054
484 4293 779 1423 1905 3660 6257 3536 3297 2863 2406 9688 6258 5097 4340 450
485 3895 4293 5097 1423 1905 1323 7215 8750 4683 790 815 3079 4077 9688 6258 4340 450 6054 2962
486 3895 4644 2406 1423 9688 6213 779 2279 3660 6859 5097 3079 4060 4928 6258 935 2962
487 1423 4293 6257 790 5097 815 8549 3297 4644 5634 4929 1905 4060 7012 6258 2240 2962
488 3743 6257 1423 790 4356 3895 7215 1905 3660 5097 8040 5330 4938 6226 9115 4340 6258 935 2962
489 4644 3743 3895 9688 915 7352 6468 4077 6213 9305 8549 5330 3079 6258 4340 4985 935
490 1423 1905 4293 3297 5634 8549 779 7215 6257 915 3079 6170 7012 6258 450
491 779 7925 5330 7215 815 8720 5135 6257 4039 4356 5097 6258 935 2962 321
492 4293 5135 1905 5330 3297 7925 8674 4644 1423 5097 7434 6258 450 2327
493 1423 790 1905 8750 3743 5097 815 6213 9688 5634 7174 3005 3079 1956 6258 1496 7413 2962
494 1905 1423 4293 3297 779 6257 8720 5135 3743 3895 9688 3005 6226 6258 3079 6014
495 1905 6213 1423 4644 9305 6249 3743 4293 6257 5097 4938 7434 3079 3074 935 2240
496 6257 4077 1423 4704 1323 3895 815 779 4293 915 8750 5097 6226 3079 6258 935 3074
497 4293 1423 3660 3079 949 1905 5097 6257 815 790 779 1796 3297 3743 6258 7012 450 3074 979
498 4293 6257 8750 1423 1905 815 1181 9688 7925 7437 3079 6258 6170 2263 4340 1956 6054 935 7413 2962
499 1423 915 1905 5097 7352 6607 779 3079 4293 7215 3297 6258 9013 6054 8722
