100
0 2025 4723 5949 1985 6227 2453 1918 4970 675 7313 2949 4037 9381 8303 3958 106 6273 8324 6214 4832 6801 8361 712 2665 1903 9017 8542 1550 8073 2244 3791 6397 2499 9976 271 1850 5086 6484 4189 1025 1126 350 1176 3435 2989 7134 5990 9668 9687 2673 4334 9450 1380 8727 4928
1 2025 4723 5949 1985 6227 2453 1918 4970 675 7313 2949 4037 9381 8303 3958 106 6273 8324 6214 4832 6801 8361 712 2665 1903 9017 8542 1550 8073 2244 3791 6397 2499 9976 271 1850 5086 6484 4189 1025 1126 350 1176 3435 2989 7134 5990 9668 9687 2673 4334 9450 1380 8727 4928
2 2025 4723 5949 1985 6227 2453 1918 4970 675 7313 2949 4037 9381 8303 3958 106 6273 8324 6214 4832 6801 8361 712 2665 1903 9017 8542 1550 8073 2244 3791 6397 2499 9976 271 1850 5086 6484 4189 1025 1126 350 1176 3435 2989 7134 5990 9668 9687 2673 4334 9450 1380 8727 4928
3 2025 4723 5949 1985 6227 2453 1918 4970 675 7313 2949 4037 9381 8303 3958 106 6273 8324 6214 4832 6801 8361 712 2665 1903 9017 8542 1550 8073 2244 3791 6397 2499 9976 271 1850 5086 6484 4189 1025 1126 350 1176 3435 2989 7134 5990 9668 9687 2673 4334 9450 1380 8727 4928
4 2025 4723 5949 1985 6227 2453 1918 4970 675 7313 2949 4037 9381 8303 3958 106 6273 8324 6214 4832 6801 8361 712 2665 1903 9017 8542 1550 8073 2244 3791 6397 2499 9976 271 1850 5086 6484 4189 1025 1126 350 1176 3435 2989 7134 5990 9668 9687 2673 4334 9450 1380 8727 4928
5 2025 4723 5949 1985 6227 2453 1918 4970 7313 675 2949 4037 9381 8303 3958 106 6273 8324 6214 4832 6801 8361 712 2665 1903 9017 8542 1550 8073 2244 3791 6397 2499 9976 271 1850 5086 6484 4189 1025 1126 350 1176 3435 2989 7134 5990 9668 9687 2673 4334 9450 1380 8727 4928
6 2025 4723 5949 1985 6227 2453 1918 4970 7313 675 2949 4037 9381 8303 3958 106 6273 8324 6214 4832 6801 8361 712 2665 1903 9017 8542 1550 8073 2244 3791 6397 2499 9976 271 1850 5086 6484 4189 1025 1126 350 1176 3435 2989 7134 5990 9668 9687 2673 4334 9450 1380 8727 4928
7 2025 4723 5949 1985 6227 2453 1918 4970 7313 675 2949 4037 9381 8303 3958 106 6273 8324 6214 4832 8361 6801 712 2665 1903 9017 8542 1550 8073 2244 3791 6397 2499 9976 271 1850 5086 4189 6484 1025 1126 350 1176 3435 2989 7134 5990 9668 9687 2673 4334 9450 1380 8727 4928
8 2025 4723 5949 1985 6227 2453 1918 4970 7313 675 2949 4037 9381 8303 3958 106 6273 8324 6214 4832 8361 6801 712 2665 1903 9017 8542 1550 8073 2244 3791 6397 2499 9976 271 5086 1850 4189 6484 1025 1126 350 1176 3435 2989 7134 5990 9668 9687 2673 4334 9450 1380 8727 4928
9 2025 4723 5949 1985 6227 2453 1918 4970 7313 675 2949 4037 9381 8303 3958 106 6273 8324 6214 4832 8361 6801 712 2665 1903 9017 8542 1550 8073 3791 2244 6397 2499 9976 271 5086 1850 4189 6484 1025 1126 350 1176 3435 2989 7134 5990 9668 9687 2673 4334 9450 1380 8727 4928
10 2025 4723 5949 1985 6227 2453 1918 4970 7313 675 2949 4037 9381 8303 3958 106 6273 8324 6214 4832 8361 6801 712 2665 1903 9017 8542 1550 8073 3791 2244 6397 2499 9976 271 5086 1850 4189 6484 1025 1126 350 1176 3435 2989 7134 5990 9668 9687 2673 4334 9450 1380 8727 4928
11 2025 4723 5949 1985 6227 2453 1918 4970 7313 675 2949 4037 9381 8303 3958 106 8324 6273 6214 4832 8361 6801 712 2665 1903 9017 8542 1550 8073 3791 2244 6397 2499 9976 271 5086 1850 4189 6484 1025 1126 350 1176 3435 2989 7134 5990 9668 9687 2673 4334 9450 1380 8727 4928
12 2025 4723 5949 1985 6227 2453 1918 4970 7313 675 2949 4037 9381 8303 3958 106 8324 6273 6214 4832 8361 6801 712 2665 1903 9017 8542 1550 8073 3791 2244 6397 2499 9976 271 5086 1850 4189 6484 1025 1126 350 1176 3435 2989 7134 5990 9668 9687 2673 4334 9450 1380 8727 4928
13 2025 4723 5949 1985 6227 2453 1918 4970 7313 675 2949 4037 9381 8303 3958 106 8324 6273 6214 4832 8361 6801 712 2665 1903 9017 8542 1550 8073 3791 2244 6397 2499 9976 271 5086 1850 4189 6484 1025 1126 350 1176 3435 2989 7134 5990 9668 9687 2673 4334 9450 1380 8727 4928
14 2025 4723 5949 1985 6227 2453 1918 4970 7313 675 2949 4037 9381 8303 3958 106 8324 6273 6214 4832 8361 6801 712 2665 1903 9017 8542 1550 8073 3791 2244 6397 2499 9976 271 5086 1850 4189 6484 1025 1126 350 1176 3435 2989 7134 5990 9668 9687 2673 4334 9450 1380 8727 4928
15 2025 4723 5949 1985 6227 2453 1918 4970 7313 675 2949 4037 9381 8303 3958 106 8324 6273 6214 4832 8361 6801 712 2665 1903 9017 8542 1550 8073 3791 2244 6397 2499 9976 271 5086 1850 4189 6484 1025 1126 350 1176 3435 7134 2989 5990 9668 9687 2673 4334 9450 1380 8727 4928
16 2025 4723 5949 1985 6227 2453 1918 4970 7313 675 2949 4037 9381 8303 3958 106 8324 6273 6214 4832 8361 6801 712 2665 1903 9017 8542 1550 8073 3791 2244 6397 2499 9976 271 5086 1850 4189 6484 1025 1126 350 1176 3435 7134 2989 5990 9668 9687 2673 4334 9450 1380 8727 4928
17 2025 4723 5949 1985 6227 2453 1918 4970 7313 675 2949 4037 9381 8303 3958 106 8324 6273 6214 4832 8361 6801 712 2665 1903 9017 8542 1550 8073 3791 2244 6397 2499 9976 271 5086 1850 4189 6484 1025 1126 350 1176 3435 7134 2989 5990 9668 9687 2673 4334 9450 1380 8727 4928
18 2025 4723 5949 1985 6227 2453 1918 4970 7313 675 2949 4037 9381 8303 3958 106 8324 6273 6214 4832 8361 6801 712 2665 1903 9017 8542 1550 8073 3791 2244 6397 2499 9976 271 5086 4189 1850 6484 1025 1126 350 1176 3435 7134 2989 5990 9668 9687 2673 4334 9450 1380 8727 4928
19 2025 4723 5949 1985 6227 2453 1918 4970 7313 675 2949 4037 9381 8303 3958 106 8324 6273 6214 4832 8361 6801 712 2665 1903 9017 8542 1550 8073 3791 2244 6397 2499 9976 271 5086 4189 1850 6484 1025 1126 350 1176 3435 7134 2989 5990 9668 9687 2673 4334 9450 1380 8727 4928
20 2025 4723 5949 1985 6227 2453 1918 4970 7313 675 2949 4037 9381 8303 3958 106 8324 6273 6214 4832 8361 6801 712 2665 1903 9017 8542 1550 8073 3791 2244 6397 2499 9976 271 5086 4189 1850 6484 1025 1126 350 3435 1176 7134 2989 5990 9668 9687 2673 4334 9450 1380 8727 4928
21 2025 4723 5949 1985 6227 2453 1918 4970 7313 675 2949 4037 9381 8303 3958 106 8324 6273 6214 4832 8361 6801 712 2665 1903 9017 8542 1550 8073 3791 2244 6397 2499 9976 271 5086 4189 1850 6484 1025 1126 350 3435 1176 7134 2989 5990 9668 9687 2673 4334 9450 1380 8727 4928
22 2025 4723 5949 1985 6227 2453 1918 4970 7313 2949 675 4037 9381 8303 3958 106 8324 6273 6214 4832 8361 6801 712 2665 1903 9017 8542 1550 8073 3791 2244 6397 2499 9976 271 5086 4189 1850 6484 1025 1126 350 3435 1176 7134 2989 5990 9668 9687 2673 4334 9450 1380 8727 4928
23 2025 4723 5949 1985 6227 2453 1918 4970 7313 2949 675 4037 9381 8303 3958 106 8324 6273 6214 4832 8361 6801 712 2665 1903 9017 8542 1550 8073 3791 2244 6397 2499 9976 271 5086 4189 1850 6484 1025 1126 350 3435 1176 7134 2989 5990 9668 9687 2673 4334 9450 1380 8727 4928
24 2025 4723 5949 1985 6227 2453 1918 4970 7313 2949 675 4037 9381 8303 3958 106 8324 6273 6214 4832 8361 6801 712 2665 1903 9017 8542 1550 8073 3791 2244 6397 2499 9976 271 5086 4189 1850 6484 1025 1126 350 3435 1176 7134 2989 5990 9668 9687 2673 4334 9450 1380 8727 4928
25 2025 4723 5949 1985 6227 2453 1918 4970 7313 2949 675 4037 9381 8303 3958 106 8324 6273 6214 4832 8361 6801 712 2665 1903 9017 8542 1550 8073 3791 2244 6397 2499 9976 271 5086 4189 1850 6484 1025 1126 350 3435 1176 7134 2989 5990 9668 9687 2673 4334 9450 1380 8727 4928
26 2025 4723 5949 1985 6227 2453 1918 4970 7313 2949 675 4037 9381 8303 3958 106 8324 6273 6214 4832 8361 6801 712 2665 1903 9017 8542 1550 8073 3791 2244 6397 2499 9976 271 5086 4189 1850 6484 1025 1126 350 3435 1176 7134 2989 5990 9668 9687 2673 4334 9450 1380 8727 4928
27 2025 4723 5949 1985 6227 2453 1918 4970 7313 2949 675 4037 9381 8303 3958 106 8324 6273 6214 4832 8361 6801 712 2665 1903 9017 8542 1550 8073 3791 2244 6397 2499 9976 271 5086 4189 1850 6484 1025 1126 350 3435 1176 7134 2989 5990 9668 9687 2673 4334 1380 9450 8727 4928
28 2025 4723 5949 1985 6227 2453 1918 4970 7313 2949 675 4037 9381 8303 3958 106 8324 6273 4832 6214 8361 6801 712 2665 1903 9017 8542 1550 8073 3791 2244 6397 2499 9976 271 5086 4189 1850 6484 1025 1126 350 3435 1176 7134 2989 5990 9668 9687 4334 2673 1380 8727 9450 4928
29 2025 4723 5949 1985 6227 2453 1918 4970 7313 2949 675 4037 9381 8303 3958 106 8324 6273 4832 6214 8361 6801 712 2665 1903 9017 8542 1550 8073 3791 2244 6397 2499 9976 271 4189 5086 1850 6484 1025 1126 350 3435 1176 7134 2989 5990 9668 9687 4334 2673 8727 1380 9450 4928
30 2025 4723 5949 1985 6227 2453 1918 4970 7313 2949 675 4037 9381 8303 3958 106 8324 6273 4832 6214 8361 6801 712 2665 1903 9017 8542 1550 8073 3791 2244 6397 2499 9976 271 4189 5086 1850 6484 1025 1126 350 3435 1176 7134 2989 9668 5990 9687 4334 2673 8727 1380 9450 4928
31 2025 4723 5949 1985 6227 2453 1918 4970 7313 2949 675 4037 9381 8303 3958 106 8324 6273 4832 6214 8361 6801 712 2665 1903 9017 8542 1550 8073 3791 2244 6397 2499 9976 271 4189 5086 1850 6484 1025 1126 350 3435 1176 7134 2989 9668 5990 4334 9687 2673 8727 1380 9450 4928
32 2025 4723 5949 1985 6227 2453 1918 4970 7313 2949 675 4037 9381 8303 3958 106 8324 6273 4832 6214 8361 6801 712 2665 1903 9017 8542 1550 8073 3791 2244 6397 2499 9976 271 4189 5086 1850 6484 1025 1126 350 3435 1176 7134 2989 9668 5990 4334 9687 2673 8727 1380 9450 4928
33 2025 4723 5949 1985 6227 2453 1918 4970 7313 2949 675 4037 9381 8303 3958 106 8324 6273 4832 6214 8361 6801 712 2665 1903 9017 8542 1550 8073 3791 2244 6397 2499 9976 271 4189 5086 1850 6484 1025 1126 350 3435 1176 7134 2989 9668 5990 4334 9687 2673 8727 1380 9450 4928
34 2025 4723 5949 1985 6227 2453 1918 4970 7313 2949 675 4037 9381 8303 3958 106 8324 6273 4832 6214 8361 6801 712 2665 1903 9017 8542 1550 8073 3791 2244 6397 2499 9976 271 4189 5086 6484 1850 1025 1126 350 3435 1176 7134 2989 9668 5990 4334 9687 2673 8727 1380 9450 4928
35 2025 4723 5949 1985 6227 2453 1918 4970 7313 2949 675 4037 9381 8303 3958 106 8324 6273 4832 6214 8361 6801 712 2665 1903 9017 8542 1550 8073 3791 2244 2499 6397 9976 271 4189 5086 6484 1850 1025 1126 350 3435 1176 7134 2989 9668 5990 4334 9687 2673 8727 1380 9450 4928
36 2025 4723 5949 1985 6227 2453 1918 4970 7313 2949 675 4037 9381 8303 3958 106 8324 6273 4832 6214 8361 6801 712 2665 1903 9017 8542 1550 8073 3791 2244 2499 6397 9976 271 4189 5086 6484 1850 1025 1126 350 3435 1176 7134 2989 9668 5990 4334 9687 2673 8727 1380 9450 4928
37 2025 4723 5949 1985 6227 2453 1918 4970 7313 2949 675 4037 9381 8303 3958 106 8324 6273 4832 6214 8361 712 6801 2665 1903 9017 8542 1550 8073 3791 2244 2499 6397 9976 271 4189 5086 6484 1850 1025 1126 350 3435 1176 7134 2989 9668 5990 4334 9687 2673 8727 1380 9450 4928
38 2025 4723 5949 1985 6227 2453 1918 4970 7313 2949 4037 675 9381 8303 3958 106 8324 6273 4832 6214 8361 712 6801 2665 1903 9017 8542 1550 8073 3791 2244 2499 6397 9976 271 4189 5086 6484 1850 1025 1126 350 3435 1176 7134 2989 9668 5990 4334 9687 2673 8727 1380 9450 4928
39 2025 4723 5949 1985 6227 2453 1918 4970 7313 2949 4037 675 9381 8303 3958 106 8324 6273 4832 6214 8361 712 6801 2665 1903 9017 8542 1550 8073 3791 2244 2499 6397 9976 271 4189 5086 6484 1850 1025 1126 350 3435 1176 7134 2989 9668 5990 4334 9687 2673 8727 1380 9450 4928
40 2025 4723 5949 1985 6227 2453 1918 4970 7313 2949 4037 675 9381 8303 3958 106 8324 6273 4832 6214 8361 712 6801 2665 1903 9017 8542 1550 8073 3791 2244 2499 6397 9976 271 4189 5086 6484 1850 1025 1126 350 3435 1176 7134 2989 9668 5990 4334 9687 2673 8727 1380 9450 4928
41 2025 4723 5949 1985 6227 2453 1918 4970 7313 2949 4037 675 9381 8303 3958 106 8324 6273 4832 6214 8361 712 6801 2665 1903 9017 8542 1550 8073 3791 2244 2499 6397 9976 271 4189 5086 6484 1850 1025 1126 350 3435 1176 7134 2989 9668 5990 4334 9687 2673 8727 1380 9450 4928
42 2025 4723 5949 1985 6227 2453 1918 4970 7313 2949 4037 675 9381 8303 3958 106 8324 6273 4832 6214 8361 712 6801 2665 1903 9017 8542 1550 8073 3791 2244 2499 6397 9976 271 4189 5086 6484 1850 1025 1126 350 3435 1176 7134 2989 9668 5990 4334 9687 2673 8727 1380 9450 4928
43 2025 4723 5949 1985 6227 2453 1918 4970 7313 2949 4037 675 9381 8303 3958 106 8324 6273 4832 6214 8361 712 6801 2665 1903 9017 1550 8542 8073 3791 2244 2499 6397 9976 271 4189 5086 6484 1850 1025 1126 350 3435 1176 7134 2989 9668 5990 4334 9687 2673 8727 1380 9450 4928
44 2025 4723 5949 1985 6227 2453 1918 4970 7313 2949 4037 675 9381 8303 3958 106 8324 6273 4832 6214 8361 712 6801 2665 1903 9017 1550 8542 8073 3791 2244 2499 6397 9976 271 4189 5086 6484 1850 1025 1126 350 3435 1176 7134 9668 2989 5990 4334 9687 2673 8727 1380 9450 4928
45 2025 4723 5949 1985 6227 2453 1918 4970 7313 2949 4037 675 9381 8303 3958 106 8324 6273 4832 6214 8361 712 6801 2665 1903 9017 1550 8542 8073 3791 2244 2499 6397 9976 271 4189 5086 6484 1850 1025 1126 350 3435 1176 7134 9668 2989 5990 4334 9687 2673 8727 1380 9450 4928
46 2025 4723 5949 1985 6227 2453 1918 4970 7313 2949 4037 675 9381 8303 3958 106 8324 6273 4832 6214 8361 712 6801 2665 1903 9017 1550 8542 8073 3791 2244 2499 6397 9976 271 4189 5086 6484 1850 1025 1126 350 3435 1176 7134 9668 2989 5990 4334 9687 2673 8727 1380 9450 4928
47 2025 4723 5949 1985 6227 2453 1918 4970 7313 2949 4037 675 9381 8303 3958 106 8324 6273 4832 6214 8361 712 6801 2665 1903 9017 1550 8542 8073 3791 2244 2499 6397 9976 271 4189 5086 6484 1850 1025 1126 350 3435 1176 7134 9668 2989 5990 4334 9687 2673 8727 1380 9450 4928
48 2025 4723 5949 1985 6227 2453 1918 4970 7313 2949 4037 675 9381 8303 3958 106 8324 6273 4832 6214 8361 712 6801 2665 1903 9017 1550 8542 8073 3791 2244 2499 6397 9976 271 4189 5086 6484 1850 1025 1126 350 3435 1176 7134 9668 2989 5990 4334 2673 9687 8727 1380 9450 4928
49 2025 4723 5949 1985 6227 2453 1918 4970 7313 2949 4037 675 9381 8303 3958 106 8324 6273 4832 6214 8361 712 6801 2665 1903 9017 1550 8542 8073 3791 2244 2499 6397 9976 271 4189 5086 6484 1850 1025 1126 350 3435 1176 7134 9668 2989 5990 4334 2673 9687 8727 1380 9450 4928
50 2025 4723 5949 1985 6227 2453 1918 4970 7313 2949 4037 675 9381 8303 3958 106 8324 6273 4832 6214 8361 712 6801 2665 1903 9017 1550 8542 8073 3791 2244 2499 6397 9976 271 4189 5086 6484 1850 1025 1126 350 3435 1176 7134 9668 2989 5990 4334 2673 9687 8727 1380 9450 4928
51 2025 4723 5949 1985 6227 2453 1918 4970 7313 2949 4037 675 9381 8303 106 3958 8324 6273 4832 6214 8361 712 6801 2665 1903 1550 9017 8542 8073 3791 2244 2499 6397 9976 271 4189 5086 6484 1850 1025 1126 350 3435 1176 7134 9668 2989 5990 4334 2673 9687 8727 1380 9450 4928
52 2025 4723 5949 1985 6227 2453 1918 4970 7313 2949 4037 675 9381 8303 106 3958 8324 6273 4832 6214 8361 712 6801 2665 1903 1550 9017 8542 8073 3791 2244 2499 6397 9976 271 4189 5086 6484 1850 1025 1126 350 3435 1176 7134 9668 2989 5990 4334 2673 9687 8727 1380 9450 4928
53 2025 4723 5949 1985 6227 2453 1918 4970 7313 2949 4037 675 9381 8303 106 3958 8324 6273 4832 6214 8361 712 6801 2665 1903 1550 9017 8542 8073 3791 2244 2499 6397 9976 271 4189 5086 6484 1850 1025 1126 350 3435 1176 7134 9668 5990 2989 4334 2673 9687 8727 1380 9450 4928
54 2025 4723 5949 1985 6227 2453 1918 4970 7313 2949 4037 675 9381 8303 106 3958 8324 6273 4832 6214 8361 712 6801 2665 1903 1550 9017 8542 8073 3791 2244 2499 6397 9976 271 4189 5086 6484 1850 1025 1126 350 3435 1176 7134 9668 5990 2989 4334 2673 9687 8727 1380 9450 4928
55 2025 4723 5949 1985 6227 2453 1918 4970 7313 2949 4037 675 9381 8303 106 8324 3958 6273 4832 6214 8361 712 6801 2665 1903 1550 8542 9017 8073 3791 2244 2499 6397 9976 271 4189 5086 6484 1850 1025 1126 350 3435 1176 7134 9668 5990 2989 4334 2673 9687 8727 1380 9450 4928
56 2025 4723 5949 1985 6227 2453 1918 7313 4970 2949 4037 675 9381 8303 106 8324 3958 6273 4832 6214 8361 712 6801 2665 1903 1550 8542 9017 8073 3791 2244 2499 6397 9976 271 4189 5086 6484 1850 1025 1126 350 3435 1176 7134 9668 5990 2989 4334 2673 9687 8727 1380 4928 9450
57 2025 4723 5949 1985 6227 2453 1918 7313 4970 2949 4037 675 9381 8303 106 8324 3958 6273 4832 6214 8361 712 2665 6801 1903 1550 8542 9017 8073 3791 2244 2499 6397 9976 271 4189 5086 6484 1850 1025 1126 350 3435 7134 1176 9668 5990 2989 4334 2673 9687 8727 1380 4928 9450
58 2025 4723 5949 1985 6227 2453 1918 7313 4970 2949 4037 675 9381 8303 106 8324 3958 6273 4832 6214 8361 712 2665 6801 1903 1550 8542 9017 8073 3791 2244 2499 6397 9976 271 4189 5086 6484 1850 1025 1126 350 3435 7134 1176 9668 5990 2989 4334 2673 9687 8727 1380 4928 9450
59 2025 4723 5949 1985 6227 2453 1918 7313 4970 2949 4037 675 9381 8303 106 8324 3958 6273 4832 6214 8361 712 2665 6801 1903 1550 8542 9017 8073 3791 2244 2499 6397 9976 271 4189 5086 6484 1850 1025 1126 350 3435 7134 1176 9668 5990 2989 4334 2673 9687 8727 1380 4928 9450
60 2025 4723 5949 1985 6227 2453 1918 7313 4970 2949 4037 675 9381 8303 106 8324 3958 6273 4832 6214 8361 712 2665 6801 1903 1550 8542 9017 8073 3791 2244 2499 6397 9976 271 4189 5086 6484 1850 1025 1126 350 3435 7134 1176 9668 5990 2989 4334 2673 9687 8727 1380 4928 9450
61 2025 4723 5949 1985 6227 2453 1918 7313 4970 2949 4037 675 9381 8303 106 8324 3958 6273 4832 6214 8361 712 2665 6801 1903 1550 8542 9017 8073 3791 2244 2499 6397 9976 271 4189 5086 6484 1850 1025 1126 350 3435 7134 1176 9668 5990 2989 4334 2673 9687 8727 1380 4928 9450
62 2025 4723 5949 1985 6227 2453 1918 7313 4970 2949 4037 675 9381 8303 106 8324 3958 6273 4832 6214 8361 712 2665 6801 1903 1550 8542 9017 8073 3791 2244 2499 6397 9976 271 4189 5086 6484 1850 1025 1126 350 3435 7134 1176 9668 5990 2989 4334 2673 9687 8727 4928 1380 9450
63 2025 4723 5949 1985 6227 2453 1918 7313 4970 2949 4037 675 9381 8303 106 8324 3958 6273 4832 6214 8361 712 2665 6801 1903 1550 8542 9017 8073 3791 2244 2499 6397 9976 271 4189 5086 6484 1850 1025 1126 350 3435 7134 1176 9668 5990 2989 4334 2673 9687 8727 4928 1380 307
64 2025 4723 5949 1985 6227 2453 1918 7313 4970 2949 4037 675 9381 8303 106 8324 3958 6273 4832 6214 8361 712 2665 6801 1903 1550 8542 9017 8073 3791 2244 2499 6397 9976 271 4189 5086 6484 1850 1025 1126 350 3435 7134 1176 9668 5990 2989 4334 2673 9687 8727 4928 1380 307
65 2025 4723 5949 1985 6227 2453 1918 7313 4970 2949 4037 675 9381 8303 106 8324 3958 6273 4832 6214 8361 712 2665 6801 1550 1903 8542 9017 8073 3791 2244 2499 6397 9976 271 4189 5086 6484 1850 1025 1126 350 3435 7134 1176 9668 5990 2989 4334 2673 9687 8727 4928 1380 307
66 2025 4723 5949 1985 6227 2453 1918 7313 4970 2949 4037 675 9381 8303 106 8324 3958 6273 4832 6214 8361 712 2665 6801 1550 1903 8542 9017 8073 3791 2244 2499 6397 271 9976 4189 5086 6484 1850 1025 1126 350 3435 7134 1176 9668 5990 2989 4334 2673 9687 8727 4928 1380 307
67 2025 4723 5949 1985 6227 2453 1918 7313 4970 2949 4037 675 9381 8303 8324 106 3958 6273 4832 6214 8361 712 2665 6801 1550 1903 8542 9017 8073 3791 2244 2499 6397 271 9976 4189 5086 6484 1850 1025 1126 3435 350 7134 1176 9668 5990 2989 4334 2673 9687 8727 4928 1380 307
68 2025 4723 5949 1985 6227 2453 1918 7313 4970 2949 4037 675 9381 8303 8324 106 3958 6273 4832 6214 8361 712 2665 6801 1550 1903 8542 9017 8073 3791 2244 2499 6397 271 9976 4189 5086 6484 1850 1025 1126 3435 350 7134 1176 9668 5990 4334 2989 2673 9687 8727 4928 1380 307
69 2025 4723 5949 1985 6227 2453 1918 7313 4970 2949 4037 675 9381 8303 8324 106 3958 6273 4832 6214 8361 712 2665 6801 1550 1903 8542 9017 8073 3791 2244 2499 6397 271 9976 4189 5086 6484 1025 1850 1126 3435 350 7134 1176 9668 5990 4334 2989 2673 9687 8727 4928 1380 307
70 2025 4723 5949 1985 6227 2453 1918 7313 4970 2949 4037 675 9381 8303 8324 106 3958 6273 4832 8361 6214 712 2665 6801 1550 1903 8542 9017 8073 3791 2244 2499 6397 271 9976 4189 5086 6484 1025 1850 1126 3435 350 7134 1176 9668 5990 4334 2989 2673 9687 8727 4928 1380 307
71 2025 4723 5949 1985 6227 2453 1918 7313 4970 2949 4037 675 9381 8303 8324 106 3958 6273 4832 8361 6214 712 2665 6801 1550 8542 1903 9017 8073 3791 2244 2499 6397 271 9976 4189 5086 6484 1025 1850 1126 3435 350 7134 1176 9668 5990 4334 2989 2673 9687 8727 4928 1380 307
72 2025 4723 5949 1985 6227 2453 1918 7313 4970 2949 4037 675 9381 8303 8324 106 3958 6273 4832 8361 6214 712 2665 6801 1550 8542 1903 9017 8073 3791 2244 2499 6397 271 9976 4189 5086 6484 1025 1850 1126 3435 350 7134 1176 9668 5990 4334 2989 2673 9687 8727 4928 1380 307
73 2025 4723 5949 1985 6227 2453 1918 7313 4970 2949 4037 675 9381 8303 8324 106 3958 6273 4832 8361 6214 712 2665 6801 1550 8542 1903 9017 8073 3791 2244 2499 6397 271 9976 4189 5086 6484 1025 1850 1126 3435 350 7134 1176 9668 5990 4334 2989 2673 9687 8727 4928 1380 307
74 2025 4723 5949 1985 6227 2453 1918 7313 4970 2949 4037 675 9381 8303 8324 106 3958 6273 4832 8361 6214 712 2665 6801 1550 8542 1903 9017 8073 3791 2244 2499 6397 271 9976 4189 5086 6484 1025 1850 1126 3435 350 7134 1176 9668 5990 4334 2989 2673 9687 8727 4928 1380 307
75 2025 4723 5949 1985 6227 2453 1918 7313 4970 2949 4037 675 9381 8303 8324 106 3958 6273 4832 8361 6214 712 2665 6801 1550 8542 1903 9017 8073 3791 2244 2499 6397 271 9976 4189 5086 6484 1025 1850 1126 3435 350 7134 1176 9668 5990 4334 2989 2673 9687 8727 4928 1380 307
76 2025 4723 5949 1985 6227 2453 1918 7313 4970 2949 4037 675 9381 8303 8324 106 3958 6273 4832 8361 6214 712 2665 6801 1550 8542 1903 9017 8073 3791 2244 2499 6397 271 9976 4189 5086 6484 1025 1850 1126 3435 350 7134 1176 9668 5990 4334 2989 2673 9687 8727 4928 1380 307
77 2025 4723 5949 1985 6227 2453 1918 7313 4970 2949 4037 675 8303 9381 8324 106 3958 6273 4832 8361 6214 712 2665 6801 1550 8542 1903 9017 8073 3791 2244 2499 6397 271 9976 4189 5086 6484 1025 1850 1126 3435 350 7134 1176 9668 5990 4334 2989 2673 9687 8727 4928 1380 307
78 2025 4723 5949 1985 6227 2453 1918 7313 4970 2949 4037 675 8303 9381 8324 106 3958 6273 4832 8361 6214 712 2665 6801 1550 8542 1903 9017 8073 3791 2244 2499 6397 271 9976 4189 5086 6484 1025 1850 1126 3435 350 7134 1176 9668 5990 4334 2989 2673 9687 8727 4928 1380 307
79 2025 4723 5949 1985 6227 2453 1918 7313 4970 2949 4037 675 8303 9381 8324 106 3958 6273 4832 8361 6214 712 2665 6801 1550 8542 1903 9017 8073 3791 2244 2499 6397 271 9976 4189 5086 6484 1025 1850 1126 3435 350 7134 1176 9668 5990 4334 2989 2673 9687 8727 4928 1380 307
80 2025 4723 5949 1985 6227 2453 1918 7313 4970 2949 4037 675 8303 9381 8324 106 3958 6273 4832 8361 6214 712 2665 6801 1550 8542 1903 9017 8073 3791 2244 2499 6397 271 9976 4189 5086 6484 1025 1850 1126 3435 7134 350 1176 9668 5990 4334 2989 2673 9687 8727 4928 1380 307
81 2025 4723 5949 1985 6227 2453 1918 7313 4970 2949 4037 675 8303 9381 8324 106 3958 6273 4832 8361 6214 712 2665 6801 1550 8542 1903 9017 8073 3791 2244 2499 6397 271 9976 4189 5086 6484 1025 1850 1126 3435 7134 350 1176 9668 5990 4334 2989 2673 9687 8727 4928 1380 307
82 2025 4723 5949 1985 6227 2453 1918 7313 4970 2949 4037 675 8303 9381 8324 106 3958 6273 4832 8361 6214 712 2665 6801 1550 8542 1903 9017 8073 3791 2244 2499 6397 271 9976 4189 5086 6484 1025 1850 1126 3435 7134 350 1176 9668 4334 5990 2989 2673 9687 8727 4928 1380 307
83 2025 4723 5949 1985 6227 2453 1918 7313 4970 2949 4037 675 8303 9381 8324 106 3958 6273 4832 8361 6214 712 2665 6801 1550 8542 1903 9017 8073 3791 2244 2499 6397 271 9976 4189 5086 6484 1025 1850 1126 3435 7134 350 1176 9668 4334 5990 2989 2673 9687 8727 4928 1380 307
84 2025 4723 5949 1985 6227 2453 1918 7313 4970 2949 4037 675 8303 9381 8324 106 3958 6273 4832 8361 6214 712 2665 6801 1550 8542 1903 9017 8073 3791 2244 2499 6397 271 9976 4189 5086 6484 1025 1850 1126 3435 7134 350 1176 9668 4334 5990 2989 2673 9687 8727 4928 1380 307
85 2025 4723 5949 1985 6227 2453 1918 7313 4970 2949 4037 675 8303 9381 8324 106 3958 6273 4832 8361 6214 712 2665 6801 1550 8542 1903 9017 8073 3791 2499 2244 6397 271 9976 4189 5086 6484 1025 1850 1126 3435 7134 350 1176 9668 4334 5990 2989 2673 9687 8727 4928 1380 307
86 2025 4723 5949 1985 6227 2453 1918 7313 4970 2949 4037 675 8303 9381 8324 106 3958 6273 4832 8361 6214 712 2665 6801 1550 8542 1903 9017 8073 3791 2499 2244 6397 271 9976 4189 5086 6484 1025 1850 1126 3435 7134 350 1176 9668 4334 5990 2989 2673 9687 8727 4928 1380 307
87 2025 4723 5949 1985 6227 2453 1918 7313 4970 2949 4037 675 8303 9381 8324 106 3958 6273 4832 8361 6214 712 2665 6801 1550 8542 1903 9017 8073 3791 2499 2244 6397 271 9976 4189 5086 6484 1025 1850 1126 3435 7134 350 1176 9668 4334 5990 2989 2673 9687 8727 4928 307 1380
88 2025 4723 5949 1985 6227 2453 1918 7313 4970 2949 4037 675 8303 9381 8324 106 3958 6273 4832 8361 6214 712 2665 6801 1550 8542 1903 9017 8073 3791 2499 2244 6397 271 4189 9976 5086 6484 1025 1850 1126 3435 7134 350 1176 9668 4334 5990 2989 2673 9687 8727 4928 307 1380
89 2025 4723 5949 1985 6227 2453 1918 7313 4970 2949 4037 675 8303 9381 8324 106 3958 6273 4832 8361 6214 712 2665 6801 1550 8542 1903 9017 8073 3791 2499 2244 6397 271 4189 9976 5086 6484 1025 1850 1126 3435 7134 350 1176 9668 4334 5990 2989 2673 9687 8727 4928 307 1380
90 2025 4723 5949 1985 6227 2453 1918 7313 4970 2949 4037 675 8303 9381 8324 106 3958 6273 4832 8361 6214 712 2665 6801 1550 8542 1903 9017 8073 3791 2499 2244 6397 271 4189 9976 5086 1025 6484 1850 1126 3435 7134 350 1176 9668 4334 5990 2989 2673 9687 4928 8727 307 1380
91 2025 4723 5949 1985 6227 2453 1918 7313 4970 2949 4037 675 8303 9381 8324 106 3958 6273 4832 8361 6214 712 2665 6801 1550 8542 1903 9017 8073 3791 2499 2244 6397 271 4189 9976 5086 1025 6484 1850 1126 3435 7134 350 1176 9668 4334 5990 2989 2673 9687 4928 8727 307 1380
92 2025 4723 5949 1985 6227 2453 1918 7313 4970 2949 4037 8303 675 9381 8324 106 6273 3958 4832 8361 6214 712 2665 6801 1550 8542 9017 1903 8073 3791 2499 2244 6397 271 4189 9976 5086 1025 6484 1850 1126 3435 7134 350 1176 9668 4334 5990 2989 2673 9687 4928 8727 307 1380
93 2025 4723 5949 1985 6227 2453 1918 7313 4970 4037 2949 8303 675 9381 8324 106 6273 3958 4832 8361 6214 712 2665 6801 1550 8542 9017 1903 8073 3791 2499 2244 6397 271 4189 9976 5086 1025 6484 1850 1126 3435 7134 350 1176 9668 4334 5990 2989 2673 9687 4928 8727 307 1380
94 2025 4723 5949 1985 6227 2453 1918 7313 4970 4037 2949 8303 675 9381 8324 106 6273 3958 4832 8361 6214 712 2665 6801 1550 8542 9017 1903 8073 3791 2499 2244 6397 271 4189 9976 5086 1025 6484 1850 1126 3435 7134 350 1176 9668 4334 5990 2989 2673 9687 4928 8727 307 1380
95 2025 4723 5949 1985 6227 2453 1918 7313 4970 4037 2949 8303 675 9381 8324 106 6273 3958 4832 8361 6214 712 2665 6801 1550 8542 9017 1903 8073 3791 2499 2244 6397 271 4189 9976 5086 1025 6484 1850 1126 3435 7134 350 1176 9668 4334 5990 2989 2673 9687 4928 8727 307 1380
96 2025 4723 5949 1985 6227 2453 1918 7313 4970 4037 2949 8303 675 9381 8324 106 6273 3958 4832 8361 6214 712 2665 6801 1550 8542 9017 1903 8073 3791 2499 2244 6397 271 4189 9976 5086 1025 6484 1850 1126 3435 7134 350 1176 9668 4334 5990 2989 2673 9687 4928 8727 307 1380
97 2025 4723 5949 1985 6227 2453 1918 7313 4970 4037 2949 8303 675 9381 8324 106 6273 3958 4832 8361 6214 712 2665 6801 1550 8542 9017 1903 8073 3791 2499 2244 6397 271 4189 9976 5086 1025 6484 1850 1126 3435 7134 350 1176 9668 4334 5990 2989 2673 9687 4928 8727 307 1380
98 2025 4723 5949 1985 6227 2453 1918 7313 4970 4037 2949 8303 675 9381 8324 106 6273 3958 4832 8361 6214 712 2665 6801 1550 8542 9017 1903 8073 3791 2499 2244 6397 271 4189 9976 5086 1025 6484 1850 1126 3435 7134 350 1176 9668 4334 5990 2989 2673 4928 9687 8727 307 1380
99 2025 4723 5949 1985 6227 2453 1918 7313 4970 4037 2949 8303 675 9381 8324 106 6273 3958 4832 8361 6214 712 2665 6801 1550 8542 9017 1903 8073 3791 2499 2244 6397 271 4189 9976 5086 1025 6484 1850 1126 3435 7134 350 1176 9668 4334 5990 2989 2673 4928 9687 8727 307 1380
