100
0 2025 1051 5949 7134 3122 4334 8947 745 4723 7409 4928 2463 3514 3058 2453 5402 1738 9505 9781 8324 3798 56 1046 547 837 1802 8542 7313 6047 8560 1541 5483 5294 5072 5447 7040 5211 4037 3651 4938 5456 2246 6092 4832 4565 2622 5514 1993 1025 5387 6661 1138 106 6162 1380 5990 5943 7103 1261 8303 3435 1550 8073 5643 3791 1670 6241 6852 824 2812 5148 6227 4970 2949 1985 5781 6955 7683 2297 9115 7305 2813 6501 9410 7431 7352 3526 8433 4280 5006 8833 9762 985 2654 8727 8188 1638 2944 6402 8636 8828 3150 1503
1 2996 4189 675 6491 8714 8361 8495 2665 1892 9097 6477 8791 1176 5344 8394 4673 6317 281 3599 9687 3180 5475 1918 8269 6451 712 5168 8075 4390 1080 271 4760 215 6024 1427 1351 2686 998 6715 3897 8760 6214 9381 8924 4606 8499 9297 496 5883 1371 4967 7925 7953 1099 7202 9981 4695 6266 8063 6816 6299 3465 2078 1891 2499 2989 9562 8331 2871 5971 8958 4953 2446 5665 8450 5327 9129 6744 5388 7679 4105 6433 6179 9896 7532 2244 9075 5528 9423 4625 3095 6397 7765
2 9000 5783 3399 9520 7299 8959 6484 6738 2210 1903 332 4366 7368 4344 9269 2841 4995 1663 3321 307 561 5848 1126 2563 6632 4477 178 6745 7760 1364 9668 8210 699 2740 9837 5995 1730 9264 2022 8417 5086 9449 1035 6915 8191 3182 4810 4690 8875 6273 3065 7781 5398 4581 8038 3612 7620 5281 9041 6288 2513 1316 9196 5703 85 8911 6404 5725 1850 8711 6847 6493 4454 2389 43 6260 1528 7592 2525 9073 522 5647 671 310 6135 9600 3470 6075 2566 9289 9252 3202 433 4257 9402 4054 3896 5962 9455 9544 9017 626 8385 7174 6235 1216
3 5780 9976 5905 5600 123 7699 3211 6389 6154 5299 5301 5742 6216 9617 4867 6349 5589 1759 7704 3479 7864 5925 6093 1867 9450 9078 6208 4546 9795 8067 4281 5909 2741 4352 6037 6095 1088 9780 5348 804 8432 2363 9607 8170 9334 718 7910 2619 7273 7192 3995 8175 4816 6836 9210 1227 7733 5459 781 9966 6801 3627 163 3463 4855 6242 8780 1600 600 3958 2370 4039 1321 3689 4804 6409 4487 5831 3691 7303 728 2478 9191 8609 3109 6908 4224 350 2160 7168 6103 5604 3847 5195 8400 3520 3978 3082 3325 5955
4 9419 5618 1106 288 3763 5359 4177 4075 869 7538 3006 1135 8048 289 2785 3297 6245 9920 886 6810 566 408 553 1534 6373 2669 5257 428 9371 2562 2123 4256 921 5639 9514 8730 6923 5870 88 6425 7035 7140 8352 9038 3501 77 1566 2554 4345 3152 8390 1487 2424 3335 7302 6843 6410 8438 6773 3550 6736 7320 4310 2406 4837 7560 673 7790 6962 8860 3642 1569 4786 9909 5356 3946 7274 4785 7983 6176 7332 6597 5305 4351 5793 312 9571 1314 9752 5937 2355 7723 9733 262 1542 4787 28 8146 9929 1151 5151 5597 4835 8931 8434 7557
5 7665 9583 3674 9156 4153 4147 7886 1899 7463 7917 5657 7721 4733 9154 9611 4922 1455 6742 6080 4612 6015 9563 2679 3549 4416 2342 1725 7489 9364 4241 1297 748 8588 3108 1898 6238 4631 192 7238 8414 518 4165 5562 7623 3258 2047 3060 8017 2110 6887 6664 9182 6690 8673 5538 9899 6282 4023 9248 995 4264 3140 653 2146 5689 7588 774 7915 1658 8539 7367 2673 4287 4962 4943 9793 1804 3924 2125 5070 897 3366 7837 399 6314 708 5947 9380 2570 7006 9846 6720 1307 9104 6311 6413 9425 9665 776 4461 9718 2279
6 3605 2536 9250 8004 1931 7536 9917 4981 2176 3477 4853 5854 9388 1456 3761 5570 9083 741 8905 3814 6677 5379 6215 4118 4814 1379 1735 8537 9676 2294 8351 879 6711 4055 1624 2511 3396 1505 9776 3730 9557 5235 4331 247 3448 835 593 977 6814 3667 6924 2779 1011 1304 5537 5673 1847 3105 1286 8755 4536 836 3461 9986 3167 7972 7104 203 9533 6202 580 234 3969 3041 6724 3080 4731 617 1021 8376 155 4685 8083 4898 2291 8580 4879 3638 3172 8317 5280 1262 5529 7827 2225 4560 8849 618 7967 1000 5530 9428 7551 1497
7 344 9912 5696 1911 5374 133 2262 404 485 5292 7127 7946 377 6401 7288 9453 786 3293 8615 8975 51 2515 8600 2335 8912 2510 7001 2865 2475 3823 5090 8844 1472 4438 7739 9710 8477 6610 9189 6771 1775 7114 3129 6506 7664 6568 1408 1405 7565 7145 6117 7607 4085 2519 9309 1858 1123 3171 1951 5997 4714 1743 1063 2041 9293 3758 622 5205 2656 5525 9232 2722 3850 7988 2015 6666 2043 3856 695 3531 6442 6646 7832 364 8178 9226 4132 7269 2534 4393 9036 5160 2060 3812 9140 18 9211 2659 8384
8 753 6278 7843 4818 456 8353 2422 6486 4655 9071 9274 5200 5770 2163 8749 4035 9771 3794 3070 9604 6984 8366 2325 9459 9945 1268 4871 5767 8257 2757 8662 3155 2343 608 5116 721 8037 8894 2831 533 8627 8033 3598 3922 5436 7459 9387 4385 7846 6505 7740 8782 6033 3440 421 5106 70 9843 8461 406 9225 2810 4732 6091 9145 5161 8734 6190 8076 233 9215 6531 5895 1491 7945 2392 2399 6905 8793 7281 5017 5568 4823 2849 6812 4521 7899 8358 8027 2074 402 9661 5099
9 6638 5084 4677 7952 8183 9291 7361 1280 576 5801 3751 8752 5723 9468 3261 7065 1352 4842 5452 2122 2316 9580 8010 2184 8081 9492 8859 3045 9446 8475 5266 7657 1582 789 6069 293 1343 2467 6101 7272 3148 158 6761 9700 1914 4362 697 936 9009 9930 7603 6986 9442 8520 6228 8078 1593 987 6703 2984 1437 73 9463 8089 6901 6372 2609 565 9462 5230 4670 6752 7576 5441 451 8509 9064 1411 1927 1469 4098 2285 6408 5617 6660 4556 8302 8022 5295 2573 2131 3381 8456 4578 9277 5515 2855 7596 2823 5027 1788 9851
10 1635 8402 1522 3657 6150 1204 6609 4887 5187 4840 8897 6682 8639 9195 9638 9134 3267 185 4250 8231 182 9893 6904 7535 2866 5880 8061 8670 4080 7204 5779 9027 5800 6530 9738 4108 3401 8823 7465 5520 3992 6445 4428 8279 4180 9853 4567 3915 736 1963 9033 2814 4242 6391 4499 5041 6895 3376 1872 4649 6170 9068 7141 3054 3649 5484 8177 4212 9138 6158 4675 1794 2561 59 1095 7795 2147 9829 4987 3548 2963 4599 7959 2745 2528 5081 1275 3234 4708 9050 931 9769
11 658 266 8282 1960 7659 7879 5954 6446 145 4319 154 3700 6548 3573 493 9627 4854 1100 5512 5043 9534 6960 3286 5183 7376 3341 1537 2892 1033 6116 5838 6796 1865 244 6209 8134 3104 7094 8941 6328 6394 3843 6541 3624 9985 6265 1024 9812 9021 3283 8159 2630 3595 6922 3954 1042 1895 640 628 8552 7146 7756 8584 9877 5167 6679 318 9087 2177 1178 2872 6996 3809 5285 1065 8266 2641 4 8564 357 5992 9629 3386 6737 1666 5445 6020 6010 9598 7093 850 1170
12 4945 6582 1554 8425 3745 6203 7267 3890 4194 6907 4358 1689 5989 8772 3004 8511 8118 6021 2038 1072 8948 1700 5188 2116 3200 9686 3022 1939 1583 6125 5902 7929 3662 996 42 7113 8410 6554 319 6514 2505 6712 6583 898 8712 7339 8 2698 8024 2140 3450 9026 9671 9130 6586 5545 2992 6309 8917 2602 9824 6388 2848 6337 1514 8707 6809 468 8845 3533 4586 801 4872 6551 1943 9317 795 4020 9326 1096 1706 5000 7686 2461 4961 2198 4534 5057 4304 5247 1252 7467 6371 2351 6224 2154 7671 4826 1191 4077 7395 6071 236
13 686 3151 2093 9792 4784 4009 4610 4296 9504 5213 2754 2216 7101 8144 2477 4179 2260 5944 5481 301 7107 7233 2532 7787 3940 9881 9355 3019 2637 4518 4863 8812 444 2767 2035 4311 4292 3609 6479 3693 7142 454 980 5416 1842 4006 5536 1004 34 7930 1694 9721 330 7226 5974 414 6163 2893 2634 3883 3451 1492 1791 4648 7776 8656 8901 7525 4209 7618 4662 353 6764 2368 2832 9314 7158 7715 4724 2332 9595 1711 4979 2514 9656 1953 3561 9957 5092 5103 3210 8940 1579 1428 1957 1786 7032 5827 4176 5501 2526 7695 7458 3017 910 412
14 1207 294 4041 6657 3203 9435 8874 5196 6255 1098 504 9333 6258 6732 1382 2726 4086 6920 876 606 6081 6129 149 41 2460 6565 5063 864 5738 5097 7322 6052 1067 3991 5563 9470 8490 6799 5920 9857 9357 8778 1375 1929 2441 3316 6667 9788 9699 5212 2537 4870 8721 9548 7684 8289 1557 5207 5627 9305 9294 1075 826 8291 9708 6819 9623 2409 5138 8411 4079 8769 2821 7647 9545 5337 7784 957 2157 3074 709 8136 7287 2729 4061 2214 1221 1112 1285 688 3601 7278 8166 5035 9552 5874 1623 8036
15 4831 1758 6090 4926 380 4269 3382 8650 9830 8372 7902 9964 2676 9108 687 4667 1994 4710 3036 5750 9365 5096 3914 9679 4122 4820 8939 4781 9077 6767 4573 3009 6250 9683 5061 4580 8997 3623 4824 7838 2080 5223 3977 8041 369 5844 2648 6868 3114 734 2077 7712 4369 873 4992 1077 6327 3128 7144 5584 6692 7962 2197 4681 6747 6201 8732 3705 8405 3927 6497 1553 9246 3747 8776 5021 4808 9101 9914 9190 3123 6721 5406 4196 5181 2172 3083 9868 7840 4252 460 1171 9499 6822 241 9766 4896 6951 8801 3146 7769 429 2750 2358 4000
16 7477 5418 9153 2836 3195 7495 9427 1589 6525 1801 5463 1545 9913 1423 7546 3474 8638 5024 6969 6424 180 7201 3356 6840 4016 5451 992 9320 8072 7069 2559 4848 9216 6335 549 4799 8172 7595 5508 5503 1235 1772 2048 5988 2397 4155 5957 6813 5596 8856 4271 5306 7887 5399 2730 3709 5497 5062 3572 212 7866 3359 2600 6872 6894 9636 346 8523 8625 6871 7747 8158 2857 2909 8226 8115 5609 4497 6448 3901 8871 2807 4306 2647 6187 1153 4881 5828 4574 2953 1789 497 7119 7896 1236 9080 8982 6612 4517 8103 2014 2264 1999 5296 347 1014 4136
17 1109 9932 2965 3552 4450 3206 5884 6324 2097 6627 1163 2449 2145 7689 1683 9079 7130 6910 9519 2971 3817 8080 7090 8835 8487 2073 8242 6611 7746 1673 4890 6946 4488 2378 2300 2491 7707 9695 7485 8285 1019 1333 2627 962 4398 7841 648 7120 9934 5143 1350 7761 3766 1857 6290 2181 7428 1090 6893 1012 2433 5583 5796 8493 1748 5921 7016 3173 5020 7649 4412 1453 3808 2574 2802 5255 6709 6886 9312 4597 4579 3044 3973 4530 2153 6945 3363 1399 4207 7714 7722 1518 8663 9491 1263
18 9832 7286 7855 7429 6775 6613 8203 5051 9765 410 6072 2255 9703 5474 527 2295 3641 8929 797 9856 9815 7005 1017 7631 3355 4463 586 2720 9863 2950 6049 2805 4368 512 9421 8648 3002 6557 1516 7515 1819 8590 7669 1061 9393 8426 3075 2742 115 9973 2 8838 2839 1740 418 238 5505 4768 9310 3749 6297 8889 9797 2818 8652 8726 8862 9838 6862 8729 6416 2938 7435 2682 4409 1747 2396 3647 6379 4278 7558 5427 3388 6882 8333 2623 3563 6992 5682 5100 306 1007 1190 6294 5317 4841 1084 1028 3242 6118 2220 3788 7022 2867
19 2795 4406 2365 7108 7397 3970 6452 556 9029 9948 7610 5414 2288 7685 3364 5789 1632 1876 2632 9974 1983 2635 1598 3010 7804 9632 7369 6858 4422 3330 1473 2436 2053 8263 6128 4322 5461 6376 8745 324 3726 4676 1968 2456 1527 4161 1757 7871 9751 4469 3385 1356 8870 8437 6735 1431 4255 684 5634 8798 6111 3348 562 2330 1445 4934 4513 3168 8887 6323 2939 1942 9406 4609 7585 6584 7954 6083 8365 3968 3739 1887 2921 1546 4423 6412 440 8357 4324 8861 8174 4479 1367 5077 5465 999 8090 7549 3362 7888 9655 5361 4656 9958
20 4654 7533 9785 9420 5721 6797 2454 8474 8723 2987 8069 3760 964 6623 5824 3818 1581 8806 1048 7540 8250 9486 4128 5152 9287 7810 3828 945 1636 8354 9147 6930 4596 2629 7345 3665 4693 2541 6829 1958 4790 4316 97 3744 6422 4507 9549 9002 8151 3270 6300 7164 2782 4341 6018 2982 8391 2191 2329 5411 8363 4419 6153 1142 147 8087 1062 9323 305 7566 5073 9059 8709 6440 8922 8399 6670 7968 4117 8130 6280 2838 9696 6504 8451 7892 7916 5619 1369 5382 3972 8786 3221 1882 5753 8572
21 2539 880 940 715 7036 2349 4895 2259 6639 2727 5509 604 2993 3251 2869 6949 5970 1118 597 6731 3323 8830 4721 370 5766 111 1044 8494 9642 2387 4505 6333 770 3181 1761 9669 3655 3938 3354 5576 9916 9697 9292 8502 1668 8496 5913 2195 6652 6434 8566 255 1097 6526 6048 9383 424 7147 9657 9947 4563 7343 7599 9890 9879 847 465 6495 490 642 8157 7706 1475 4584 373 7209 4486 3720 5429 9169 6369 7894 3426 167 4140 8562 4711 9452 2182 501 6845 5837 7283 7451 6234 6161 8528 137
22 4400 9144 1057 7880 4482 1764 2842 2407 6959 65 2318 4806 1701 372 9620 9734 3164 3618 8987 9823 5260 676 7561 2189 696 8536 9760 9624 8595 5518 2401 4936 5755 3869 6436 5708 7856 6414 5887 4713 7779 9051 820 1209 7476 9062 5242 2883 6244 7488 4104 9498 5819 7198 3218 6301 6590 3543 1177 2083 5279 5876 338 7993 8320 5896 7129 8957 4457 7638 4893 2180 9685 2828 8599 7426 3037 9288 9581 8645 4891 904 7317 534 8375 1187 1186 8429 8683 2628 6891 2584 9403 6063 5695 1341 2912 6741 9972 4927 7228 5454 1565 2610 1669 1974 9537 903 6983
23 7937 529 3116 7890 9284 2380 5012 7678 9397 3159 7831 4227 3462 6104 7534 778 5490 4788 3688 7203 9093 6605 8260 1909 4860 8489 6429 1603 5948 3068 1449 887 127 3237 5362 8276 1781 7691 7619 2864 6545 4172 8334 3351 5565 3358 3835 6576 4772 2873 949 8631 1731 9171 3666 5809 108 9962 2431 3556 4120 5710 1245 8906 4421 4356 7673 2231 5715 756 6857 204 8186 6648 7131 1146 2114 7687 4719 2969 3033 3580 2471 1795 8169 1303 8989 7697 2376 4691 2324 4744 8459 1322 7809 1150 3686 5298 7079 2970
24 3716 6944 8415 7315 8961 3052 79 2858 2797 4730 1308 1976 8963 5791 3113 3690 5849 7944 7976 7159 4811 6965 6377 1078 2016 4144 7641 3670 2004 9988 9938 8045 331 5384 6925 2790 8152 3683 5319 2211 939 8863 7171 5366 1398 6575 8983 7034 5658 1640 8559 9275 2113 969 3753 3452 4005 7262 8308 4566 3873 685 9488 2968 6124 1709 8965 5132 8966 5193 3112 3133 2924 416 8274 316 2199 6532 296 2688 7326 4960 4186 2548 6624 2935 9787 928 3278 2708 2906 1349 4205 214 5797 8667 2918 5674 7590 7027 7995 4047 223 7046 6863
25 1751 5675 6343 5222 8311 3541 6636 4308 8746 8381 8145 4755 8304 3982 9113 6785 4754 8307 6042 4592 7170 8850 8561 6315 6457 3832 1104 8510 4268 9260 3935 9577 6064 7472 8610 674 3276 6094 3519 7444 8478 6089 711 5 1881 679 8704 9511 9645 575 5026 1079 7986 6146 9745 3613 3235 7259 2723 9789 650 5534 8468 4045 359 4373 8841 321 6921 5176 9622 9124 3783 2049 1826 7853 9122 3911 4350 6875 1002 6276 9467 3729 9717 6106 9727 9448 3697 9057 4977 7184 8042 7383 6628 8265 7357
26 8218 8857 1232 6159 1511 8740 2817 8563 871 5391 8217 6231 6844 4523 5233 191 5775 7593 7583 7881 4325 4113 7336 9037 5136 726 82 4413 2347 7484 9045 9525 6697 5903 2359 7861 7167 6958 5595 9117 7096 9615 5916 7800 7803 1143 7642 5805 4736 2420 3539 8003 7998 9508 3226 4092 6913 8722 6490 1459 787 5872 4100 199 6911 2793 9500 2205 1539 8086 4728 1081 4661 3827 5066 2759 5142 396 6617 9166 480 2524 6685 2611 7511 9660 3215 348 6285 5558 2880 5422 6683 6906 6939 8142 5028 4769 2440 9245 4843 6405 9065 5843 8190 8406 3495 1114 5340 672
27 4449 6236 5846 7403 3858 3443 4569 3307 1211 4756 5702 4988 9873 5868 7185 1425 5413 7744 4290 9123 5692 272 1328 5375 5141 7750 2784 3457 7987 5616 6789 4913 5953 8809 6647 9184 5901 1540 8113 4232 6919 9167 9070 3881 275 9400 896 7503 9016 9141 1298 1092 2889 5435 8743 9222 5654 1489 9328 3718 7437 2245 1617 8201 5139 2289 7280 2310 1195 8900 934 1846 972 7057 94 7099 6188 7957 5749 8773 2546 3685 7516 4552 666 6169 5220 1156 5660 3100 4640 356 8284 1147 7479 8981 6588 187 2204 9151 788 1767 1237 8503 8149 1864 4162 2174
28 3087 1225 7221 7613 5437 3509 4070 6902 5662 5283 1246 6562 6674 4604 8953 6885 8077 6138 2774 3672 511 407 2678 578 9644 4447 7979 8577 1823 563 5761 1480 3373 2714 4653 5836 2256 4829 7555 3535 9941 3222 4184 4777 4426 2518 7143 9481 4641 9121 9102 2540 7372 1189 5401 6256 3936 6640 6339 4471 4801 8869 5192 8485 976 4903 6088 943 3417 863 596 9231 9418 7494 3273 5037 7449 6553 3441 235 9319 6274 4836 7936 4174 8988 5981 6757 8332 7808 8535 1845 116 6607 8127 1980 5042 8488 7382 9243
29 6466 2084 2045 2582 8569 5479 9479 7597 126 8085 340 2155 3024 9173 7471 5055 3560 6519 5392 1755 9814 7842 5249 9227 6186 8779 3737 6105 8634 1880 521 1222 3137 1861 1642 9270 3187 8915 9570 9720 6345 9601 435 2348 9158 9395 3956 6979 5117 7423 9313 9023 8189 5502 2040 226 50 8445 9977 8252 6867 1396 4512 2476 3003 751 2607 3996 3247 1587 5326 7550 6026 5752 2187 1200 4699 4057 2213 5127 7401 4030 2705 5224 8942 4929 1965 7698 476 4697 9008 2464 2800 7531 443 7215 4019 9516 2980 6994 8290 5367
30 2267 2577 5206 3586 6180 1829 9174 5524 3930 4761 5684 5289 3949 1292 2312 164 5102 232 9884 1091 601 6704 8421 6802 5137 2638 4809 4737 3339 1339 5350 4078 1678 2240 9074 9218 3833 6342 2684 6347 3581 968 6564 503 2633 3851 1197 568 1564 7436 831 3025 1299 7816 2809 821 877 3264 9547 4665 7207 1420 4812 769 8125 8404 2603 5516 7133 2379 7300 1133 1702 6184 4658 740 6430 6062 4618 3777 4516 1271 3558 4081 387 4173 681 8064 6740
31 3611 6825 8821 9325 7205 7461 2702 7231 8702 3288 3714 6025 7186 2670 1941 6382 1167 3728 3590 1708 7510 2412 1210 5591 3971 8336 7019 4800 9244 2900 4986 5908 3790 4889 7755 8512 1265 885 3160 3085 4286 2375 9573 3253 5125 4198 8020 6165 9149 5772 1130 4949 9643 2579 3919 526 3695 257 2306 5765 2298 260 6710 8624 631 1174 3192 4204 4298 6811 5396 2683 6818 3681 1837 7981 2435 3406 7901 8960 6439 4379 6039 6650 5496 6470 8378 2693 7660 3455 7374 2743 8581 1555 3131 4361 2221 2070 4375 6340 8199 6770
32 2958 3648 3110 7247 4626 8204 6567 9588 4839 5098 8168 5079 3815 1223 9063 9298 6846 389 9761 1964 6137 8661 3438 5967 2272 9238 7969 25 5853 2144 4519 3575 558 4175 6571 8300 5890 458 5651 767 8613 3934 8101 4181 283 2428 2878 3557 3859 4032 3620 9178 4084 3093 3023 8695 1157 7360 3669 8471 6390 3062 7752 5498 3289 9339 6602 4680 1500 3284 4899 4243 7923 4417 8164 2560 6353 7338 1166 9212 1996 4796 3775 8223 10 3061 8892 7552 2709 2897 5980 2275 5670 6653 7310 2333 4093 7470 3840 1710 3530 4637
33 1132 1481 2492 8767 4529 2282 9968 6599 3503 9564 4302 4474 6289 5671 2227 8754 1504 1809 4139 1134 9155 3281 573 5243 946 5419 3496 5252 4013 1446 6432 188 1796 4003 7420 5851 7445 9438 8382 4074 7904 6928 4150 7304 291 8818 1737 8526 3933 7194 9437 3185 3217 1347 6151 7189 4551 2066 6544 4508 4472 5582 7211 3245 464 599 17 6185 9995 2046 8943 5019 4734 7271 1365 5638 7289 4163 7941 9619 3199 1348 6140 7250 3615 557 4862 5058 4925 8836 7072 2236 6981 5023 439 5926 857 3724 3989 398 6034 1856 5735
34 754 499 6175 8501 3703 793 4825 4235 7939 7848 9311 6112 3051 4475 4550 8486 6130 8649 2317 9664 6877 4904 351 8646 2472 4171 5889 1610 4705 4195 9572 2055 615 6556 3008 3679 2951 2304 2941 4630 2487 3640 951 4328 6778 7728 735 859 8992 4976 3754 9299 9952 2090 7963 1808 1388 4968 3360 9569 4088 7457 8448 1239 1871 1656 6000 2667 95 7023 1494 5065 181 508 67 6791 8882 6462 6364 5365 2685 8898 742 343 5002 6952 883 8057 457 2707 9711 9105
35 2269 9719 4663 228 6947 3871 4901 757 8435 7741 1863 3372 1013 3038 5149 9748 7370 3231 5803 9401 9256 7307 7253 9436 3676 800 211 3194 7018 8607 5763 4010 2320 1682 6492 2956 6488 6973 3402 6536 7468 3731 7254 914 6167 1141 9865 1552 4291 7974 207 2243 8009 8855 683 143 3209 2598 3057 3517 6177 453 9331 2902 5424 8847 7091 1452 6157 1416 8878 5940 1325 2604 4156 6808 1526 6017 4935 2496 865 4305 621 3415 2646 4042 2961 3707 8719 4607 6763 9341 872 354 4046 4007 5963 6046 9900 4289 8879 2494 7693 9878 9372 1363 7012
36 4330 3619 3943 9541 1814 1719 2503 4277 6555 727 6444 8393 6113 8811 2733 1454 5403 6860 6399 5499 400 2323 190 9096 2631 3893 1391 8899 7814 1860 5111 9731 7889 874 6696 7334 4087 7882 981 619 2425 35 4773 2556 4557 6888 5961 4959 7031 6438 467 7605 677 5652 7612 5349 1295 5404 6133 2444 1378 7008 4249 327 4389 4671 1509 9616 2898 2934 4069 744 5551 6728 7798 4166 9368 4391 4997 7999 6755 1984 3378 9474 7138 8919 2019 8121 7703 3682 785 9791 8470 1915 2652 3342 334 1937 9925 1278 9779 9839 231 8977 44 574 4906
37 3442 5823 8234 5231 4524 8593 1821 425 5762 2752 4834 5254 8980 1461 7811 8221 6777 9681 9082 6361 2599 588 3097 38 5631 6510 2495 5078 639 6963 8633 1532 8808 4743 3743 6031 8431 603 7126 7263 7418 8293 8339 7373 506 8748 7266 7073 6521 6040 3582 8319 1417 6535 7614 7377 7432 2321 7863 1053 7017 4687 9901 6574 6900 2732 1152 6849 8657 7214 716 8466 2010 1510 5810 1279 4333 7629 6252 5757 7793 5409 352 960 4504 8903 461 8192 1825 2059 2089 2583 3578 4220
38 5540 8272 1533 2127 1121 1634 1353 3838 7956 4279 775 8641 7155 4246 4340 5453 91 7216 1043 5358 3867 1692 6988 8403 3895 5893 6654 176 9646 9905 6279 7060 1946 9160 9058 4602 1717 7115 3825 7014 4851 4483 9994 5120 691 2677 6954 3344 2148 4652 8413 9860 2241 5466 5227 2755 1217 8052 2278 8642 3120 6318 156 4083 6370 5030 5624 3013 8258 7084 1525 9443 6200 5799 2593 749 47 302 5434 1744 5859 8720 2851 5959 7486 9010 7492 4295 3524 2719 8392 9209 6689 3830 4187 5494 4273 3238 9861 7026 7875 9321 6774 4026
39 845 9296 7518 282 2462 9060 7256 5071 994 1257 6058 1609 3005 1296 9366 7877 6085 1310 8792 5574 8668 1917 4127 7030 2756 4694 4615 5004 2895 9716 958 9110 8200 3165 6581 3784 3939 2769 382 4002 6533 7732 6199 3795 8202 3228 3837 9826 6005 4704 8374 3824 9242 4357 4764 8635 4722 9370 4942 8604 9197 112 4164 9810 9127 8455 988 7897 7836 483 183 7571 5760 2877 2030 8521 8021 8348 5069 329 8500 5932 8287 4071 3993 1990 4329 3166 419 5342 8506 6989 2092 8765
40 75 8888 7063 7791 7562 585 7265 4603 2547 2846 5082 2747 7891 9859 5653 6971 7948 8568 5664 8757 720 6443 9373 7735 2856 7502 1249 1460 7478 6508 6102 1486 5363 2913 9528 4202 1085 8788 8014 5691 9005 141 170 3012 6220 1853 30 7297 5185 134 6232 9139 2081 9411 6927 7358 3635 2896 26 7480 6136 8256 4783 3733 739 7580 6086 6723 7244 4696 4401 8803 4033 6854 9626 649 8133 8019 6515 1215 9529 4321 4659 1536 6538 7829 8693 1289 867 2350 4034 2884 287 2011 6119
41 1219 8181 5722 9990 1185 9753 9677 5385 7193 9040 6211 9340 5731 9205 8082 4933 3500 3007 6374 7906 924 5581 2620 5354 7242 5369 4116 6705 5163 1087 4130 8268 3826 9220 3684 6593 3184 1409 1370 3144 5101 4258 4455 7473 5829 8558 4646 9740 8665 7780 9485 248 5468 2651 9475 7011 8337 5272 3491 3464 1389 7440 8921 6990 7677 175 3368 2500 3047 5626 6471 1685 2036 6618 6967 8680 9750 2578 9404 5642 6147 3975 5310 2704 7801 1785 3516 5711 5891 3961 9841 8326 374 629 3428
42 9473 21 2403 1806 9706 6359 6889 8476 4683 4994 5091 4883 3262 3130 0 9308 104 1384 7442 4059 5550 1698 4354 8546 6762 7634 1212 9584 2094 737 3719 4159 6386 7754 4125 2773 5377 7037 5912 3988 9816 7342 4453 3329 5199 7038 4346 1949 9099 140 5790 3628 3696 392 9237 3030 7767 8872 579 5690 5444 1986 6856 200 5048 3390 5623 3436 2432 8032 9367 571 4576 4980 2764 5898 6375 8739 1393 9723 548 3379 3571 7674 8554 8267 8762 4876
43 4700 812 6865 81 8710 9725 798 862 7324 8013 8122 213 3484 8079 1770 6044 8508 8040 5532 9576 2972 3257 1576 1813 7965 2340 7249 6330 4145 9801 7279 930 6635 6537 5323 5039 7758 8481 3606 8717 2212 7125 7405 1970 8852 8708 4668 1572 9362 1340 2932 3614 7824 7541 3423 4288 730 4430 8345 1745 9777 9193 1476 541 3332 9904 9532 1413 3489 5334 9772 5965 7705 3069 1616 7663 7847 9728 8873 7994 7430 9759 5917 1827 3026 7314 2964 2721 8211 7977 9496 5727 3643 8784 2149
44 2716 8602 8551 2136 1570 784 3313 3224 993 8831 9461 9704 5610 2327 4931 7774 1792 3475 1344 442 2265 4043 1752 6099 2830 273 7291 8106 3987 470 1140 5533 3964 1672 9128 6355 2826 5728 554 4716 8132 8288 6204 2405 9554 78 5758 5879 8725 3789 2772 2457 2681 2152 3762 8343 6518 9943 1989 3900 1208 4203 3525 7858 4433 5050 1020 5130 9770 2003 9497 4900 1584 8515 9651 4577 3471 11 8155 7932 9265 7997 8449 5756 7743 913 9567 426 9114 1266 4738
45 4157 7229 1913 1561 4495 9384 5110 4053 6053 802 8198 8196 7165 984 7427 3301 3805 4323 8060 3887 8409 6746 6344 1693 5352 4353 1896 7662 3483 8338 295 3459 186 9980 9999 7617 9213 8377 8464 4001 2914 1921 9652 5209 4114 8991 7241 7611 8049 8016 9434 661 7622 2353 7074 3986 3494 1450 2820 7567 808 7615 7453 7497 760 8507 3444 5270 7506 7329 1407 9363 5577 3256 2734 5325 8759 1966 2161 4562 2109 1602 3687 5984 7413 2791 908 2276 3945 9578 4022 489 2018 2781 8902 2474 9975 3568 680 8110 2253 1117 5423 5553 9176 8123 1305
46 6520 5173 1741 4500 7218 5059 6461 1662 4598 4378 7292 7676 4749 9949 6716 2005 6183 6365 3953 1591 6403 5546 6346 5237 3879 6804 7507 7417 2917 8092 7973 2118 2451 9148 8430 2028 2233 9412 3944 9996 1830 9618 3511 6107 5714 2512 6441 8422 9609 5945 9742 766 1688 1506 900 5440 2901 9409 1139 8011 8731 4709 2815 7544 121 911 7835 6421 4905 746 8920 3236 6120 9546 2208 4178 6196 1686 5425 8655 1854 6061 6880 3433 590 7176 8000 3631 4735 1878 8691 9186 4698 5495 5309 4024 8585 1613 2371 6621 6828
47 7845 856 3842 5681 9385 1783 3853 3336 3493 1828 8387 9187 6569 5968 8457 7173 8653 7905 2824 1559 9300 3608 9324 692 3750 165 3570 8629 5942 7105 8543 5972 4460 1214 2299 710 7822 5835 2099 3917 3248 8771 9067 1501 8804 4915 409 6503 1523 6155 814 7086 3480 9749 1900 1988 2374 8984 5885 5297 7384 8753 5571 7068 2251 9543 5277 2450 284 8259 5862 8139 4185 3259 6460 2250 3807 7570 6435 6779 4591 5881 8206 4492 7446 5701 9755 9993 448 4771 3894 118 3094 1329 4911 92 612 8428 1218 5504 4821 8162
48 6070 7736 2362 5812 8785 652 9625 1779 6407 8606 2870 2890 459 8908 5764 1267 2469 1611 4143 6733 110 4792 2337 9137 6060 2165 8179 3132 8949 2618 6191 8029 8594 5552 5088 2990 8294 1244 8553 9343 391 4907 3395 2341 229 2564 1238 2338 8108 9950 9279 6903 5156 6890 5194 7656 7772 2430 7509 5707 8930 4312 5179 2067 4485 3545 5085 5432 5346 6013 531 6580 2789 8545 9530 8701 4303 4028 8129 5034 8690 7933 7797 252 5284 9091 1462 5867 875 5543 205 9689 4197 5175 2973 9746 8570 4660 4511 5159 3855 6695 9858 8916
49 3755 5978 3621 3723 8286 7400 8281 1704 6926 7759 7854 9088 5287 8059 2270 4845 139 7172 2888 6455 1722 1050 9819 1604 4617 1750 6780 6004 6027 5637 2249 6899 9014 5489 4137 5219 4213 3028 7720 6458 2715 1447 892 8796 2437 2427 1220 7438 7029 9501 4983 1836 1782 4506 6589 5095 2853 8119 5539 8736 7225 4544 544 335 7545 4688 4337 5236 7708 3998 5611 101 7212 2356 611 4921 7725 3219 8229 5253 792 7047 5649 6788 8278 4374 9886 6933 6684 2887 1675 7123 7654 3806 2690 759 9875 1734 614 7928 8834 7872 6016
50 7112 4442 6068 2400 4011 1619 7924 397 12 7328 7951 3086 2948 5739 309 4199 2738 1016 8674 2616 4882 5290 8689 7701 7884 7004 5572 1436 974 7819 8325 2657 9605 3275 6527 9352 5244 8254 7348 602 1332 1654 714 2915 3255 390 1597 8255 610 4091 9439 3469 2886 7474 682 8742 8347 2907 3845 2776 7239 997 9239 9850 3774 829 1515 9928 8396 2479 8238 7396 5038 2736 4587 5123 157 3478 7318 537 5005 4072 8705 9648 4063 5197 8968 9327 1629 2273 1397 4622 7529 253 9553 3980 2124
51 9003 7261 6121 7982 1414 8854 5802 9094 517 9730 2452 8794 5640 3383 9568 5480 1422 5666 6352 733 5677 3999 7257 4027 4975 3243 5214 6694 6074 6293 5586 3092 8789 6229 2875 9180 298 8167 3018 2910 4539 971 3836 5993 1358 4819 4849 3188 8007 3201 3892 8524 4484 5930 3811 7118 8138 8453 5258 6230 455 7365 385 3732 5201 9126 4940 9441 9675 5834 8909 2150 1022 9852 2126 5014 5603 7970 3124 6319 9641 6166 8491 6096 5860 8774 4852 2229 5594 738 4919 1443 5105
52 3374 1173 7121 5886 7913 1179 9524 4363 5471 6320 9654 24 7222 89 2794 3473 8684 9046 2531 2173 6367 8458 4478 7702 3776 3073 6516 9658 5119 3891 5155 7058 479 3878 6295 9582 7490 9693 8816 415 3176 8030 8228 5124 5592 9430 8586 6149 4993 4954 1790 7419 7217 4966 5522 2798 8160 4462 4998 8768 9283 8672 3920 1182 4664 6513 9674 2103 9081 2296 2925 5016 659 8283 5741 1925 9471 4210 9451 4526 5433 8066 9786 9356 5215 8787 8233 1595 1736 9825 6296 2202 524 2527 5031 6837 7347 2700
53 3637 171 5740 2724 3349 8973 5256 1435 4776 8100 5659 3434 5882 6686 5667 2027 323 1543 2931 4418 5736 1950 3908 828 208 6331 5718 4948 9092 656 2770 5332 9235 6820 5226 173 2218 2671 9724 5986 3884 7260 3738 827 1840 57 7500 4169 6869 8053 3410 2955 1618 2373 3854 9955 8951 7276 32 6383 2095 5390 7574 3857 1799 9515 2226 3169 1291 136 1502 6251 514 1920 1108 1677 2247 6831 1765 1932 4307 1188 3874 5171 3821 4405 2248 4223 1531 5393 8582 3863 8612 6097 8763 3139 1849 6734
54 7734 3588 5370 6267 5613 7163 703 2480 6264 3334 1818 8846 4912 5807 6321 635 8669 4439 227 1056 9991 2763 7137 9131 1599 8244 7985 3292 31 8626 5973 1009 7076 5032 2302 5548 3059 7868 2663 1254 6156 1601 2725 2051 4476 6998 6884 8565 6980 3677 9690 6144 2701 2402 3250 762 3793 8800 4219 5941 752 1904 4111 4629 1649 780 2023 3015 7893 2771 5914 6896 4651 5308 1648 9407 7051 6749 5839 7569 3127 2088 125 9919 7410 9379 6084 4480 4572 2881 9322 7089 6938 6065 3136 5180 4115
55 2448 9056 637 6964 9799 2417 4978 5420 6995 84 9208 991 6281 7483 3764 6826 577 7731 9179 4740 9536 5607 6940 7246 2608 90 1116 6368 2065 1203 6019 2986 4815 1839 445 4686 1361 401 1144 8006 1713 1102 1158 6642 2580 1433 3179 2263 2746 5535 5998 4274 7908 3661 4048 9715 5816 1457 7512 6329 2778 8031 794 5056 1844 3196 2749 1866 8529 3802 5936 6006 5804 7851 941 4425 2445 6936 1563 481 8632 3482 3490 482 7806 1877 9722 9032 8518 3197 3149 62 3322 6803 8112 9487 7821 6275 5329 3694 1381
56 259 7667 8866 2535 1690 1544 854 5001 2121 3880 2344 3317 9503 7625 3310 7362 4215 3096 3244 7153 6023 5621 1015 8932 4468 6143 342 8270 3990 1875 7157 27 6566 6423 932 71 7175 6171 3773 9613 9820 719 1723 6768 589 9359 7609 1645 474 8330 866 6835 8482 894 8817 8694 5825 9135 9666 8853 8597 647 6271 4355 7524 9906 8840 4021 8340 8839 3298 5049 3617 9200 3066 989 4051 2788 8441 9204 7277 5840 990 4590 1661 9610 4636 2017 9168 1233 8452 3486 1387 6141 3799 7514 4348 297
57 5239 4583 8328 9870 5830 3898 799 9259 1715 5544 7940 7577 8883 1401 4916 4152 8232 4558 8550 570 1646 6310 3589 9111 5302 7966 9382 8015 9159 6284 6366 8886 3326 4838 55 922 929 2522 9743 5878 3299 8359 6326 225 3029 6393 7177 3357 3446 3295 4446 7870 5455 5864 1202 5629 3106 1441 2710 230 3852 8044 8530 245 2119 6189 623 3352 4678 3175 7219 7717 9682 4973 2012 3562 9842 45 1394 6850 114 184 148 1451 5378 2100 8724 4370
58 1776 5293 7422 8273 9228 6035 5511 2072 7122 6659 8176 9219 3800 2488 4766 430 6313 6827 8309 3263 5311 8532 840 4261 9709 341 9015 1578 3565 1886 7406 7128 2419 8243 832 4133 7653 6645 7251 2649 8971 2962 7873 5373 6307 4231 8813 9424 507 9866 9800 5094 8214 4972 6152 4491 6898 5313 5625 2549 6546 4481 1800 1038 6985 1326 1883 950 8109 258 5405 513 4124 8630 5746 5635 3304 5897 9885 2361 5075 5826 5717 9926 2751 2459 1410 8688 6249 1869 5907 3327 4470 2277 7990
59 4014 8994 7067 4384 9565 1010 6563 2936 2381 7710 4920 5080 436 8473 8097 7748 3119 3429 1327 2960 4674 8187 7071 83 5531 8733 4376 2837 7950 538 3427 8640 5460 3287 8699 2946 8389 4142 3912 2717 3163 2345 1608 2207 8124 3067 3803 1665 3252 4868 550 6360 7482 805 9961 8934 8954 3223 379 1615 314 7813 7009 9692 8557 1606 4188 917 2357 320 731 360 3305 3431 7718 651 823 4314 3333 6651 388 1082 9891 5040 9521 2758 2860 4096 7922 644 3594 7455 1039 3056 5526 5300 8098 3233 7914 4395 3872
60 8643 2104 5697 705 1018 3071 6160 6834 803 2597 2501 3186 743 1198 8777 5958 3079 8292 3506 5798 6631 2929 3906 1400 3875 6833 9757 5045 9735 2200 6972 1517 1128 975 1680 2922 14 1841 5996 3604 2691 7106 907 8549 6126 46 1111 7070 4251 2835 5821 5275 5566 2816 7737 6708 6110 9295 1733 2133 9011 2981 1971 6008 7095 2977 9257 3505 9089 8447 9915 4119 6385 6237 2640 7190 7709 2087 7601 3882 3797 5712 7230 4121 7753 1978 505 8936 8395 8237 2661 333 2394 4148 3121 3405 9606 6195 7298 4247 5351
61 7828 7160 3819 9855 5869 4265 8660 2170 717 7264 8039 5245 1838 1852 5083 8802 1862 1529 6239 1366 6917 3965 5328 7460 8212 6478 1320 8737 2102 5743 5709 4420 4747 3512 895 9924 7371 1302 2466 3156 6082 22 2612 6800 7448 1671 8538 2874 3699 8807 7398 7116 5217 1426 8071 5645 6830 7024 5599 6550 1727 1605 6641 6974 6726 9361 2137 1155 6043 5477 8679 9330 1905 3813 371 4538 375 1667 9848 2672 3735 9630 8514 4594 4465 5458 625 3941 1464 1205 9969 9258 8222 1073 9895 5288 3607 4149 9747 888 4908
62 6795 4238 3680 2021 3077 5264 6348 3742 5561 9951 6392 8197 4616 336 1478 852 5307 2706 7920 9965 926 4431 3350 6772 201 1471 422 3117 9854 5960 9247 4605 5732 4561 750 4064 9650 3955 202 8012 4263 8436 7243 3593 8858 5506 6142 8531 6848 2553 2552 54 4917 8386 6253 1923 9804 5165 9729 7450 2367 693 4377 395 1729 438 516 4647 2966 4283 4489 2293 9329 7237 2825 2020 5560 4110 882 5569 5251 633 5680 2156 3115 662 9587 6051 2799 129 5575 1573 5368 7191 4774 2033 5966 9354 6032 478 7745 3449
63 509 5668 4614 2544 8952 5225 3804 2007 9100 394 3064 4200 8095 488 1229 1805 1354 2031 959 7182 9946 2699 5121 634 5341 8370 6663 6012 1919 5633 1520 906 2470 5573 9012 2190 8605 9376 5630 3272 3634 9440 4372 5833 7602 3862 9360 6912 6263 1161 4642 7100 5751 3328 6841 8299 9634 4758 5007 5450 1086 5203 810 916 8775 8933 2196 5415 5587 7789 4294 261 66 9808 6622 2483 9192 700 5303 5013 9539 7085 3587 3204 2804 8184 2085 5686 3375 6824 5806 937 6219 9234 3280 5678 5107 5046 9482 2650 1967 6722 3397
64 9039 5852 1274 4276 7775 665 7323 3532 4779 6615 7496 2086 8068 2168 6881 7633 8525 1631 345 9408 2920 8579 9478 7061 1644 1066 7394 6 7773 1324 9967 4336 5744 1287 7688 9472 2091 5818 4498 3134 1551 6054 4585 8945 7830 822 9796 9691 2624 2587 9001 4748 4549 3554 7319 6362 2885 5648 7807 7542 7425 161 1952 5128 6855 667 3536 2927 4126 1419 308 7064 4107 4473 7456 8881 7200 5278 9680 7335 4101 8928 6396 9513 3629 569 9849 8877 4564 3266 7537 6743 763 8664 4408 196 1768
65 1430 1922 4866 5615 5688 4965 5164 6675 1093 5221 160 6247 3072 5580 3107 3910 6678 4266 5473 9978 2024 6210 3577 9048 2575 8327 7849 1749 9445 3 4780 5383 4633 5376 1538 2346 2703 3630 1392 6322 5240 9263 9133 484 5841 52 1972 5372 5408 1873 7042 5737 6866 9631 3997 2360 7589 166 3650 7802 8885 7600 2139 1959 7724 587 1284 9286 3046 833 361 782 6629 3752 7416 2418 6656 96 4718 2882 1614 36 1300 8659 5661 1815 5923 1641 8498 1930 6218 8937 5198 8058 7817 6839 9831 6036 2847 5904
66 8407 772 777 7213 5122 3610 6931 8996 7815 5877 237 7135 8829 9931 5734 1739 4094 6028 3781 3481 657 1338 944 1901 7447 6481 9736 818 9782 5114 2753 3458 5892 432 5786 1036 9874 8681 5811 8093 3213 6727 7975 3392 8480 9807 8047 4076 2372 5559 5386 5787 3644 1029 7777 519 7399 6463 2718 3034 9030 1129 6765 249 8462 5555 4537 6700 8388 4712 5556 4621 6500 7378 4650 7770 8962 1255 1716 8440 3579 7700 9936 1137 2617 559 1816 6769 965 246 5706 8955 5601 966 4619 4429 6456 3318 5478 4052 3877 4253
67 6606 4109 4259 3656 8677 1390 279 3158 7528 7530 9512 616 2967 8346 2352 7227 5542 5262 935 1474 912 4103 7727 3712 1588 267 7252 4300 4857 8751 5705 4448 4589 2520 3698 9458 4427 1421 3767 1653 495 8601 221 2806 222 2319 8472 7655 7980 8443 2827 6529 8685 5646 5910 7645 7081 9560 878 9162 8735 2455 8993 2997 3810 100 3439 8062 9887 434 3839 4932 1429 7151 4634 2391 6601 5977 2569 9784 1060 3778 4399 3183 1003 1948 973 2516 6592 8408 8245 3420 3432 4964 9663 2481 3416 3343 9705
68 1674 4620 3302 3646 1119 3652 1954 7581 8890 7521 1465 5172 1169 8126 8002 3903 4969 2068 5273 1385 2952 4299 834 8296 3049 7355 3260 2954 3282 9374 9394 9773 3925 5314 851 274 2542 3636 5286 7387 592 7989 5025 2179 7375 2439 515 4624 8825 8591 6469 6225 7350 1630 5190 1817 8617 1906 254 8301 9637 902 8938 7402 8154 3413 6874 5523 9517 7053 4383 3126 9268 3314 4332 8251 9982 4672 1612 9066 8135 2159 4600 6649 7955 6207 9714 9992 3208 8224 3660 5430 3020 1439 6472 7961 1777 6591 7766 3393 193 8262
69 5044 5650 2009 5507 6127 8713 4367 475 7844 6534 3454 9396 7424 1495 5438 6807 9575 2410 6786 9251 8051 1594 7169 5795 9304 1961 6398 4432 2493 9647 8504 6077 2336 437 4847 8616 4221 9594 2390 2658 7852 6559 3844 7616 2550 2309 1001 982 3741 5060 9535 7380 3759 2429 358 6665 4338 7675 9612 8026 1859 5186 9942 4873 1956 7608 8574 853 2166 4914 3564 6883 4339 6993 6543 4657 1482 7208 8611 7354 1655 4715 7771 9302 4008 4342 5093 9813 7681 3926 4284 1346 9053 6131 4545 6655
70 9897 6821 1835 5115 9940 9817 7782 1728 1103 8312 8439 9845 627 4415 7668 8728 4827 663 8783 8147 884 5782 420 1467 3063 4741 4382 2415 6428 4386 5145 2135 4944 4918 7 4056 9908 3979 2508 2438 9332 8682 3951 3547 6079 8583 5759 5047 471 5924 6987 6449 3125 2523 7021 7152 6966 3929 3602 2903 7493 6454 9253 4571 838 1890 355 1110 9502 8316 5900 2645 4320 9538 2621 5210 816 9146 6507 5338 4666 5820 4067 1359 7564 5606 7341 1094 942 278 2274 477 2307 7181 2713 3320 1969 5053 2442 3715 583 6304 2238 6739 729
71 7738 2908 4371 7048 177 209 9802 4154 64 2254 3189 7805 4073 8104 9353 9267 9803 7290 3625 8088 7187 4267 1902 2843 1571 339 1432 6794 269 270 9198 6270 6145 2062 1577 6776 220 8534 6109 3309 5426 702 1224 5282 5488 6384 844 7098 6007 8896 9469 4739 1241 6078 9028 4751 9741 5644 843 3544 551 4191 4090 1005 8999 1798 6748 8310 1945 9272 9161 9271 4326 4689 5500 179 2408 1162 9953 2911 3380 6547 7150 7992 1049 8820 1253 8923 6760 1780 6616 543 9662 2639 9702 3212 1312
72 861 6009 6002 4525 6552 3488 1519 1231 2937 6662 6380 5676 9233 2443 6198 1466 216 4930 890 4628 4230 7692 2940 9025 8225 4817 4025 2879 6415 525 3078 8469 68 9095 130 2287 2731 5845 7404 5202 2592 1521 7408 5464 3239 5469 7598 7630 1168 5174 7166 2044 4029 2111 8519 1402 3466 3708 1496 5274 197 2930 732 1843 1124 4897 5182 3365 1383 315 5871 6941 6968 2458 4254 1547 9550 5698 791 9024 7235 4531 6223 6174 1045 1848 5832 4031 4403 4106 9119 1574 546 5679 280 809 8548 6286 9494 5076 7796 5241 3369 1833 9935 5010 6134 8360 7111 1912
73 7385 9177 6948 7934 5153 9640 6132 4778 773 842 6512 1793 3960 3907 63 4467 7947 8614 9020 1415 6608 195 6098 8356 817 2232 9971 9987 4982 8099 9970 3178 6168 6363 7991 4963 7041 7132 122 7547 1213 5999 8208 2484 722 6437 1512 9054 3820 1560 8322 9997 2075 384 2601 9052 510 8654 8107 8271 595 4515 2489 107 9426 5918 6059 830 8240 6643 87 1068 7178 2613 5431 4095 7833 3792 9805 5036 1622 8379 1247 4833 6573 4343 9806 3546 5814 654 4946 8195 8893 8741 7666 9432 3476 7640 8185
74 5813 4608 6148 5321 6909 4490 224 6206 5956 7454 5669 6587 6977 7757 1458 8094 502 3177 4533 1240 4347 9185 3274 7632 4910 1377 2384 242 4527 2292 2829 9358 3916 1894 2222 3654 9229 7504 7223 2117 986 7505 8467 4211 1483 5729 4229 4803 9809 4360 8832 2134 2615 7124 3089 2904 4644 4865 8843 669 1774 5331 7778 8380 7499 2193 9621 6287 5389 6579 6045 2854 6268 3001 3460 2158 5928 9090 7762 2933 7220 5754 9431 6197 9827 3974 4830 2850 7792 3816 1127 4167 2642 9444
75 2653 4729 539 3453 4632 5620 8008 6934 3216 2988 2590 8567 5018 1699 3249 7346 2509 1979 5400 8647 841 3497 2861 3510 8589 3983 7391 5939 2071 6842 2164 6055 1270 9345 3277 9392 4514 8925 7411 8851 7330 7584 19 3308 3736 1159 5087 7433 9480 8102 9034 7971 4789 6718 819 4869 4553 3394 9019 8895 909 9120 2625 7526 105 1120 6861 4570 219 3866 2130 3864 5492 8329 8671 6357 9266 5857 6341 72 58 3787 1479 6717 3153 8323 1026 9737 9004 923 9778 2945 4886 4190 8764 4158 1995 955
76 6272 9579 6499 2096 2916 9163 3889 8864 5636 2643 7197 5259 9910 6338 605 1131 925 69 2852 2571 6476 1372 2978 2061 4679 2551 4309 689 152 7386 7626 8618 9509 5557 4160 8161 8442 7563 8261 447 9249 6783 8398 6604 2395 1928 3507 3865 4365 4396 7015 3409 2803 7462 1660 2314 6754 1681 9042 5467 5104 2108 6474 8868 6269 2305 6750 3963 1513 7763 7578 3088 2001 6719 7050 1549 2695 206 2694 16 3445 1444 6014 5336 7716 3205 2235 5126 3834 2266 169 378 1627 7294 423
77 4635 2636 3569 4503 7013 4542 5009 1374 9018 7643 3191 8540 9585 3706 8596 7481 2558 8249 961 5345 5994 6916 8362 8364 6485 555 9262 860 9589 8700 7075 9391 1910 6041 1548 3147 7439 4228 5291 6698 5446 4464 4999 3576 2308 427 5991 6864 8253 560 542 3403 8163 7000 6387 5987 6419 411 3055 630 8676 3966 8986 3727 1784 5593 2664 5938 1778 7568 6509 1242 80 813 5985 1647 4763 6057 3268 7903 6950 2076 7390 9701 5590 8156 4240 8976 1938 2801 2209 4822 3391 4387 2943 4535 7921 3240 7088 607 2129 4397 7548
78 8620 6669 3841 2521 7020 4684 8819 131 1771 9922 2082 954 264 846 8822 9774 9561 4727 7876 3947 771 9454 6997 3932 9556 2660 598 1083 4555 7644 2696 3048 4797 5687 664 4270 6578 463 2689 7062 8492 7054 9055 9954 7156 2002 8527 3084 3931 2595 6999 8766 4226 2079 3370 1272 5318 3701 2215 9085 150 7646 8023 3407 8544 8446 1243 6668 1712 1023 7311 641 1763 2052 5861 7381 7312 8904 2506 217 1787 102 3967 5774 9013 8990 8622 7539 1991 4923 5482 7353 146 9667 1342 1165 9531 9221 4493 5154 1762
79 3950 1089 9892 1259 632 9889 6688 6022 2626 6261 7628 7180 933 1524 2385 7912 2056 8985 2765 8979 6336 698 3786 6192 2899 668 535 4394 2486 2183 1868 8651 7834 6450 3384 893 7898 4828 9523 2761 3227 7594 1924 4878 9869 9202 4050 7587 6929 8619 1336 5261 7139 5476 8427 189 7850 1315 8416 9959 9415 2517 1404 3098 138 7818 706 6798 2983 8140 2894 9022 285 6178 8418 1154 3829 367 7356 4214 7293 3499 6354 5421 707 4193 636 6693 1201 2414 572 7327 3331 1064 8756 4297 6465 4313 8956 7900
80 8241 8758 5109 8964 5866 4437 3425 9347 8865 1054 8230 9596 8280 6243 5748 2167 8321 7508 3909 1006 4327 7726 325 322 9649 7919 23 3542 3985 1323 174 3000 2217 6254 3031 6823 3230 1234 2281 2591 7007 8761 4909 8576 9342 9586 9181 768 3868 8970 7572 3111 1955 9911 7087 1160 6914 4380 8131 3574 9593 9098 8001 624 7434 5982 9044 8220 405 5449 5189 6978 2326 8065 9670 1718 494 2447 5933 3102 1311 839 1490 4532 4435 8368 1276 6625 2957 3400 4392 2178 7078 747 3437 9639 7363 2132 6011
81 2169 6539 4183 2538 7110 8236 9590 5412 7579 9389 2775 9937 9783 1621 3583 8628 5134 9 6406 811 9306 3207 1558 8141 6356 4146 4285 8547 5428 8608 5856 4445 8070 1679 3220 2234 6378 8826 5271 487 4466 8318 4611 4244 6542 1851 2366 7820 1406 8247 2386 5140 1508 6494 3658 1676 1030 7295 8781 5850 1032 3389 2768 3521 5704 1625 2644 3300 9862 5541 4424 1987 9241 7591 4947 9493 4404 1069 6549 6411 2404 9566 2995 6725 3101 2101 1468 1463 5216 764 5777 3294 7938 7049 1803 9483 7109 6164 2675 1330 53 8575 9989 9960 4924
82 9495 4782 313 1052 2382 2421 938 290 1696 2581 9316 446 7301 135 9794 3090 1962 638 9240 5493 1756 1181 6038 1620 3502 7066 8117 9106 8799 6672 5628 3994 500 4451 4038 8128 452 7491 3099 8623 1742 1251 7519 3345 40 1626 670 194 3959 2171 2711 5263 5713 3527 8842 9882 2596 6262 8305 5133 349 9694 9273 5397 3702 8298 3170 3534 6217 3923 7682 1586 5778 7268 7452 6699 8025 1766 5567 7117 7039 620 2413 7523 8880 3555 7392 891 1418 6473 7690 1651 8114 2712 2224 7749 2369 9429 6100 9923 7650 6496 849
83 905 7414 9477 927 5951 9417 5232 8666 9175 765 4201 1628 825 1373 9764 6122 2284 6259 3232 6173 6781 5513 2497 3876 3515 2543 2258 1269 8419 5605 6838 8637 4017 9834 4813 7680 3285 7441 8926 1196 8687 3710 5927 9281 2876 645 6182 6702 5784 9206 4844 8876 5462 3303 4082 2985 7136 4791 1652 7652 4444 7388 6453 2032 4750 4892 8907 3225 5304 6879 5353 8227 6570 690 8137 920 4509 3831 3430 2833 1122 7978 970
84 3782 1721 6305 5608 1908 2976 4452 2567 5011 3254 7513 6524 7379 5976 6701 6758 8005 1753 8995 6233 5347 6970 328 7083 956 9844 9927 2991 7102 979 6851 1059 8182 2192 2586 2787 1664 6467 9756 6561 8479 3592 643 6351 6066 9763 1889 7234 8369 2744 9399 5685 4692 4703 7284 4237 4554 4066 2811 3319 2465 1657 9336 5371 807 6381 4315 1720 3504 4856 7869 6358 9963 9872 6427 7786 7359 5395 4015 7943 162 6468 3692 48 6598 2975 6316 4359 5899 1810 4411 1145 3671 5554 5269 8035 5517 7812 5276 6067 4541 4112
85 5157 7575 76 5380 8423 153 1695 9076 8516 1807 3981 403 4248 5394 1484 4884 3291 6706 4004 4989 7636 3616 5417 8018 5788 8096 2242 5785 701 1697 3021 2434 5622 8248 9821 4528 6784 3421 7964 9506 151 8397 9518 3118 868 3976 8837 3942 5472 3918 6050 3597 9871 7248 4765 6511 2115 5549 6876 8533 5335 6302 1687 6759 8215 5129 6029 1556 5873 8824 3014 4501 5229 7270 239 7443 1705 3659 5355 1992 7635 9907 8946 6350 8046 4880 277 6123 8517 9614 3508 1183
86 6961 6464 7670 5683 8848 2926 9335 6487 4746 2891 6003 4991 858 7520 9559 584 7224 5614 5773 9484 5204 2468 4123 8306 5191 6975 783 6766 1707 4941 5208 2322 9464 5888 6729 8913 4456 3424 9811 4859 9876 1248 4068 5858 4543 3157 4443 7627 8264 2142 491 9599 8750 3081 4182 3522 1684 8644 8805 99 9290 7255 9726 1306 9847 7909 4707 7258 7559 7393 3779 7949 1192 2840 1874 4601 4349 6878 8884 8165 4044 3412 552 2834 9346 5443 9574 8555 1273 2735 5964 5694 6681 5672 7162 5364 6332 450 6291 870 4639 646 1357 9170 2063 7206
87 8105 8747 2206 8277 61 4706 4301 6292 7148 1933 6517 5842 326 144 9836 6172 3664 7240 7415 3848 4701 1360 4388 4955 7517 9822 3346 7661 8050 8315 1760 4234 9591 9902 9136 6418 2844 532 8686 33 1386 6312 2999 6240 7742 6620 4522 4745 3016 1317 2545 1283 9818 103 243 7582 5131 4134 8790 1530 4643 8180 4861 7927 5527 8914 947 3418 7783 3785 9526 1916 4217 2042 520 9707 3584 7825 2261 6001 3154 8698 2819 5776 2868 5911
88 806 3653 6572 6626 4753 9918 9540 3748 3704 1590 4262 8207 7154 1047 1926 5564 9864 9217 1313 492 8314 4049 6943 3529 9188 9551 7475 2426 3770 5234 4798 4762 9888 5983 9107 9118 1754 1732 4192 3214 9489 9086 8054 6426 2507 4775 473 128 4702 381 609 3353 2502 6594 7082 7639 7466 6793 2786 386 4770 8150 4850 263 292 3888 2328 3367 8028 848 3540 1335 6246 4135 6073 3746 8814 1 1031 7648 9318 9840 9386 9939 724 5906 7984 9207 5228 7337 530 486 8460 9307 2668 3765 210 2252 1355 6956 7960
89 3161 4151 9278 3757 6897 7055 3296 7245 1008 250 9833 1041 6676 2863 7059 7333 6982 7637 5169 5771 6619 365 1331 1136 1309 8295 2141 8827 9142 9338 5794 1659 1884 5178 8810 2228 5952 5491 1412 1282 3768 1164 9775 4638 9712 9739 1434 3721 8056 98 9109 6644 3027 4282 9507 9282 4682 1773 4858 3414 7694 9143 4874 1228 3042 6707 7469 6658 3050 2000 2120 963 3518 300 5410 8148 4742 5357 2485 2783 8216 8891 8738 6630 2822 3290 1936 1855 3948 2572 1180 2112 1643 4985 5381 2423 317 9433 2151 4757 5112 1438
90 5733 2106 9447 1260 2069 8367 3011 4097 2674 3771 1294 7199 796 567 2185 5170 978 6595 5068 7002 3904 8341 6056 3338 2290 5578 9465 9378 9744 3937 9414 120 7498 713 4540 7092 5150 1172 581 4875 2979 4018 2383 1714 2959 7751 5792 5875 9659 6076 5330 4759 2331 6528 5248 7340 3801 9254 4402 4260 5641 3885 37 7044 9998 8484 5315 3984 5316 8944 8795 2029 2411 694 4645 1535 9006 4129 4436 3861 449 9466 5699 5320 3673 1934 6614 7935 6714 5663 4623 8815 523 2737 2498 6213
91 198 3596 6815 8675 9602 1362 4168 8505 6817 8383 1288 1769 4012 1101 6787 8313 4060 3678 6671 6502 6498 1199 1485 2605 8209 4218 8770 2655 7859 7604 3600 3472 2780 9112 967 4410 9303 919 431 5950 1175 3849 5700 4520 4725 5915 2777 3632 3487 8556 4272 779 7527 4206 5969 6792 5054 3076 6637 5519 1944 5726 3198 1345 498 9673 2859 4990 9457 1226 4807 6976 113 1403 7210 5166 1746 1194 2223 469 8972 4595 7826 758 952 8706 1281 286 5656 3498 6298 4458 366 2533 8703 5865 8335 4040 7573 5250 3337 536 6277 4937
92 2808 5144 3306 4099 5407 7501 268 9416 5579 9230 5118 9261 2354 5218 1562 4494 4627 1493 1997 3639 4902 2026 7860 7331 5929 8055 6873 7624 3905 9031 2377 4496 1811 8571 2766 9880 9597 2239 9398 1250 4864 9983 6691 3269 3419 5177 3645 5486 7149 5089 7799 8603 3899 9072 9713 5246 8350 7285 1977 4588 613 9678 8715 7857 6194 6108 1319 7719 6751 1947 6805 5855 251 3162 2219 7407 948 6577 5324 9608 7028 6806 9164 9944 8205 3492 540 1633 4767 528 8692 1812 3796 86 4510 4593 9194 564 9732 4720 311 7306 5720 2588 117 8910 2862 2565 6957 3528
93 2762 2303 2482 9157 3725 9413 4245 3143 3387 9315 49 4888 1318 4502 3142 6400 3711 218 4441 5135 3315 9527 8497 9172 6859 7412 5588 168 9377 8927 4318 4559 9894 4952 2728 2905 1293 6221 9223 4141 1070 761 6306 8401 9035 4974 2315 7188 3538 2473 1058 6713 6892 5322 7025 582 2998 4131 8918 109 3913 3559 7389 4795 3371 3928 8349 6248 7730 29 9350 6283 8412 9103 7321 6853 6937 8194 1507 383 1832 2188 7907 7351 9592 2313 2334 881 3312 9768 545 2687 4793 2388 8621 119
94 5817 1301 4805 1975 1724 6991 6308 5268 1834 7885 7080 9255 6558 5003 6325 362 5064 8463 7711 7878 4846 6756 3265 4726 9116 7768 1442 4236 655 5747 594 9790 3485 2058 8513 6181 790 4957 7729 4208 5029 2237 815 7344 4984 256 6870 7309 4802 1568 4364 9183 725 413 7236 6483 1071 4951 5485 3902 8213 3675 6226 3193 3553 3340 918 3043 5922 9344 5184 4547 9049 6417 7282 2364 5931 7195 6489 3886 9203 6523 9510 6730 472 1726 15 6782 5808 5439 4062 9348 9867 9456 6087 1580 7942 953 3734 4971 5693 8716
95 417 7161 1981 8342 2994 7421 5312 132 1034 1107 3952 1703 7364 240 1820 3756 3141 9165 5585 2594 3513 5547 4216 13 8173 9236 7487 8578 3962 7839 2008 5724 9698 7823 7196 4794 704 6753 1879 3311 7895 8355 1334 2286 2845 7179 6115 9542 276 2919 2947 5979 3361 7788 2576 6395 8950 1448 7033 3740 3585 1040 7931 9490 5033 4434 172 3032 2942 2064 2555 4275 3921 8587 3279 2792 363 3713 2697 2013 9758 9555 4752 5265 6257 9152 2143 5719 5632 9405 1607 4613 1575 9351 7003 3398 9301 3422 1831 7865 5108 1148 3039 8573 2280 9069 915 9007 3324 124
96 8465 5339 3347 855 5162 1498 7862 5521 8424 8598 7045 8219 9903 6480 1470 7554 5015 3591 5894 7996 6522 591 1256 4089 74 2039 4293 303 2416 4225 4233 1424 142 6932 3241 4877 8043 9125 8969 5612 901 2230 4996 9767 3145 2301 6334 2006 3246 7883 6030 8297 7911 9558 2490 7275 265 8658 899 4669 9921 2175 9369 9460 7325 1488 4950 2268 7366 1206 8239 7874 5815 2057 1567 1440 1499 2974 1637 5510 1264 1897 2748 9043 3603 1477 6634 6420 6596 9633 9979 5769 8235 5052 1596 2796 9047 8193 8483 7052 2138 5768 6603 3566 2186 7308 393 6832 8978
97 5074 6687 7958 5730 3229 5158 9337 1592 6633 1822 7785 7918 3135 8744 8153 5716 7543 2034 2529 4058 8697 93 4102 5113 2105 2107 5934 1184 5267 2589 3091 3846 6459 723 6790 2557 9628 8084 7349 6114 2201 7464 6585 3404 9150 7867 2760 6193 4335 5598 660 3722 5067 7764 5822 9375 4894 4548 1105 5333 1982 3468 8116 5442 8373 3408 9422 3769 9285 5919 7586 8111 304 6475 1893 5457 5863 4885 9684 3174 8592 6139 1907 1076 3053 3040 8091 1037 159 9883 9390 337 8718 678 3780 4138 7658 462 3447 1870 3523 2680
98 7713 2928 6680 3622 3190 2585 4939 20 2271 1258 8074 5146 1650 3411 9476 2923 9688 3456 5022 7043 3626 3537 7232 1074 2504 3138 4582 5343 8143 8541 7794 983 6673 2393 6303 9132 4459 5448 9224 3957 3035 1125 7553 7621 368 9214 9933 1376 1277 3870 1885 1115 4717 2283 9653 889 4407 1888 5487 9798 9956 2037 9199 3772 8371 8344 2739 3663 8246 2568 9349 9635 6205 5655 3551 7606 2666 5360 8867 7696 9276 9754 6560 2054 2692 8454 1585 7056 8420 3377 6447 2194 1337 2662 4239 4170 1639 6482 2098 60 8034 1395 7077 3822 1368 7097 1193 7010 8935
99 7296 7651 5847 5008 3271 299 6953 7556 6212 8696 1027 4440 4036 3567 1940 1998 755 4414 6918 5238 3668 5745 6222 5946 8967 2311 1935 2606 9672 8444 9061 2050 4065 6935 8275 8171 3717 9828 9984 4575 1149 5975 7183 2128 5602 5935 9201 2339 39 4956 7926 1824 2203 7522 1290 1691 8522 3633 9835 5147 1113 6431 466 9084 2398 4568 9280 8678 8797 3103 4958 8974 2614 9522 376 441 8120 9603 3467 4222 8998 1230 1797 5470 6540 7316 1055 9898 6942 4381 4317 2257
