500
0 4644 1207 8413 2061 2279 4721 3417 9688
1 4644 8895 2331 8750 3473 2408 6205 1625
2 1371 578 9526 2408 7340 7174 5678 6101
3 4076 2258 7810 4721 4644 6457 273 4340
4 4644 191 5011 5107 4976 4721 7155 9301 2240
5 4644 9459 6457 6316 7638 1028 4667 5097 8125
6 4721 3523 6826 191 5769 4644 6103 450 2962
7 5107 1371 4721 8750 8895 2061 7165 6258
8 3523 4644 5769 2279 2886 2272 5330 6134
9 4644 3473 4869 2314 2408 5299 366 468
10 3523 191 4644 5107 7340 8895 4667 4985
11 7074 3523 8045 5107 9526 7887 1181 4107 2240
12 4721 191 2124 7824 7174 768 2335 847 935
13 7837 5769 7174 3523 8895 3473 3743 9301 2
14 7174 4644 8750 3523 6002 493 7228 3885
15 5107 3888 4721 7638 5011 2279 4667 8140
16 4721 4644 3888 1371 8389 8750 3005 9014 6101
17 4721 3523 1371 1207 4644 5107 273 7880
18 4644 8389 9526 7174 191 6316 790 4027 8431
19 8389 1371 8469 8895 1028 8796 1336 1625 1668
20 2279 8389 8045 4956 2408 3523 2787 5097 7762
21 2279 9935 7074 9450 2124 9161 366 2264 2240
22 4644 8045 8186 1028 2279 7837 4726 9265 7699
23 4644 8389 2061 9526 9161 1207 9745 3936
24 9161 8895 7810 9935 7174 3523 790 3379 2240
25 4721 3888 6316 7638 1371 8750 7165
26 4644 3523 5107 4721 7837 9459 6267 9265 2240
27 3523 8045 8895 2886 191 2258 7459 1289 2240
28 2886 9526 3888 4721 8045 191 8342 9265 2643
29 3888 5107 2258 3523 7925 8469 6859 847 79
30 3523 4644 7638 4721 2124 7887 3494 6134 9968
31 578 4721 3523 3473 5011 768 2896 4985 79
32 4644 7174 9526 6776 8757 6316 7115 450 2962
33 4721 3523 2279 9459 191 7174 273 8069
34 8750 4721 3523 7810 6316 8389 3005 9265 935
35 4644 2835 2279 5107 191 8389 8824 450 3074
36 3523 6457 7174 191 9413 5769 3005 847 9968
37 8045 3523 7074 6002 9402 2279 3375 8618 3074
38 2279 8045 4644 331 2258 6457 4821 5386
39 8750 4721 2279 2314 5299 8389 3005 4928 2240
40 9459 7638 8750 6316 2124 3523 3005 9301 2240
41 7810 3523 3473 4644 9526 8045 8203 9968
42 8895 9459 4721 2408 578 42 3417 1956 2240
43 3523 4644 9526 4363 8186 7340 5678 6258
44 3523 5011 8045 7174 4644 6557 8052 2240
45 3523 6506 1207 4644 2472 2886 4821 450 1668
46 8045 2124 2279 7559 9526 4644 5330 780 7762
47 7174 7340 9161 2124 5634 8389 1796 4558
48 4644 3523 8750 7559 2279 7837 5135 3106
49 9526 4644 191 3473 2279 5107 5330 2128 2962
50 4644 191 7174 1028 4076 3523 1905 9968
51 3523 2061 5107 8895 2279 4644 482
52 5107 7340 768 4761 3473 3954 3005 7049 2240
53 8750 2886 8895 9526 2279 1028 1181
54 7174 191 4721 8045 4644 7638 3743 1956
55 8750 1371 7340 4644 8045 3523 1905 6101
56 3523 4644 4721 1371 9526 7887 7115 6134
57 2124 7074 5769 4721 8045 7157 3005 155 2643
58 3523 2279 9450 8045 8750 3888 2787 6258 8994
59 8469 191 3523 7174 3473 2124 2787 1042 2962
60 3523 8895 191 8045 2886 8469 3005 2643
61 4721 7174 9526 4644 42 7028 1122 4928
62 4721 5107 3523 8750 9526 3888 6859 4985 935
63 4721 8750 9459 8389 2279 154 4667 6258 79
64 5107 3523 4721 2279 7232 2061 1122 4027 6101
65 3523 7028 779 2769 7837 8750 5135 1546
66 4721 5107 8045 9459 191 3888 1220
67 3523 2886 8045 6299 8750 3548 8040 7285
68 3473 3523 6316 5617 154 6002 6266 7949
69 4721 4644 3523 9526 8045 2258 273 1625
70 4721 9526 4644 4976 7559 2061 366
71 3888 8045 5107 3523 4721 4644 2202 8125
72 3523 4869 7837 191 4976 7559 8052 1476
73 3888 4644 8750 6506 8045 2408 366 2263 2240
74 4721 2124 2279 8045 9526 3888 5442 9301 2240
75 7559 4721 7837 5107 7824 2279 5330 5038
76 191 3523 6457 7559 2279 8045 6103 4027 6547
77 4644 3523 8757 7687 7340 4976 5330 9265 79
78 8389 2279 6316 5107 4721 9526 2744 6258 2240
79 3523 9526 4976 4644 8750 2886 2744 9265 6101
80 8389 3523 4644 2279 1435 7810 366 5445
81 4644 7925 8045 2279 3523 5107 3417 6153 7709
82 4721 4644 8045 2279 7887 3523 2551 2643
83 9459 2061 191 2331 7174 2408 3743 7049
84 3523 8750 7174 4721 6002 191 3743 8125
85 2331 7687 3523 5107 7340 7837 482 5386 6547
86 3523 4644 2124 6457 191 5107 366 4985
87 4644 8045 1028 8750 9402 2279 273 7285 9968
88 3523 191 4644 6457 5107 7232 366 4107
89 3523 4644 2408 3888 7340 8750 8549 8125
90 4644 8895 2408 578 3523 8389 7228 9301 7949
91 8045 4644 6826 9526 7559 2331 5330 1625
92 7810 8750 8045 5371 6457 8469 2744 6258
93 8389 4721 6316 2279 2408 1002 4667 1571 2240
94 5107 4644 7028 8750 2886 3888 273 4027 8125
95 2279 4644 8045 4721 8750 3523 5330 8841
96 6506 5011 2472 2061 7638 4721 366 4985 2643
97 8750 3523 7925 4644 578 8045 1694 847 9244
98 8045 4721 4644 7174 3523 2279 2551 1042
99 4644 191 5107 2279 8389 4721 8052 6153
100 191 3523 3473 6826 4721 2886 4667 450
101 3523 7340 4644 9526 8750 4721 1463 2643
102 8750 2279 4644 3523 7074 7381 1694 780 6584
103 3523 8045 2124 7887 7340 8750 3005 7880 2240
104 8750 2314 9459 4644 6457 4976 2202 9968
105 4721 2279 191 7810 4644 5107 482 847 7949
106 5107 3888 191 8045 6572 9161 8040 4107 2643
107 2886 2472 2061 1207 4869 2279 3297 4027 2962
108 8389 4644 2061 2279 6002 5011 2551 450
109 8045 5769 3523 7925 4644 578 2586 7709
110 7174 2886 8389 1371 3888 4721 1020 7880 2240
111 3523 8045 5107 348 9526 2472 3005 650
112 9161 8045 4644 2331 8469 9526 5330 1042 7949
113 5107 2061 3523 7174 348 2279 278 6153 935
114 3888 5107 154 3523 8186 7837 2202 4326
115 3473 7887 5011 9526 4644 3888 8765 450 9968
116 4644 9161 3523 2279 768 6506 5652 9040 4985
117 7174 2279 3523 5107 4976 191 6840 7880 7949
118 4721 7174 4644 9526 2061 4976 2787 9659 3894
119 3523 7887 4644 4976 7174 5634 505 7899 9244
120 9526 2331 8750 4721 7174 3523 1905 5097 935
121 8750 2279 8045 4721 5769 191 790 4027
122 7174 8045 3523 2886 4721 9161 4880 8043 2240
123 2279 8045 8750 4721 7340 9784 3153 4027 9968
124 2279 3888 7157 8750 5107 2258 2326 9301 9968
125 4644 8045 2124 3523 4976 331 8203 4071
126 2279 4721 4976 1371 9459 2408 273 6920 2240
127 1207 7824 7174 8389 8895 2124 1336 1601 6613
128 4644 5107 3523 6457 3888 2258 7115 1560
129 3523 4644 8750 5769 8045 2408 4766 7899 7883
130 4976 3523 4721 2886 8750 4644 1423 1625
131 3888 8045 3523 4644 3473 2258 2787 4027 2240
132 3523 2279 7174 8895 1663 8045 3297
133 4721 4644 2279 3523 8389 7837 2896 7049
134 4644 5107 4721 7232 3523 5011 2551 7949
135 3888 5107 9161 9459 2279 7174 4667 9301
136 5107 2886 8895 6002 3523 4644 3375 9301
137 4644 2279 6002 2886 5011 5634 7461 9040
138 3523 578 8045 191 4721 7559 366 8618 2962
139 4644 6457 3523 191 8045 2886 3297 8140 3936
140 7340 3523 1288 3888 2935 9067 3005 523 8125
141 3523 2279 191 2061 4976 7559 2787 1042 9968
142 8389 8045 2279 5107 3523 8750 3005 7049 7709
143 3523 9526 2279 8750 5107 1028 9115 1625 2240
144 4644 4721 2279 7340 2408 9459 7461 1625
145 2279 8186 4976 191 8895 2408 5687 9301
146 4721 5864 2935 8045 9935 4644 366 7049 8125
147 4644 1207 4293 9935 4976 5013 2896 8841 9968
148 9161 3523 1371 7925 8045 2279 3005 2085 3936
149 3523 2279 2124 4644 5107 5299 9235 6258 2962
150 2279 3523 7174 1435 2124 4644 2586 9301
151 4644 3523 3888 8045 6316 2061 273 2666
152 3888 3523 2279 6457 5011 4644 4726 4377
153 8750 8389 2279 8895 2934 9526 4407 7285 5715
154 3523 6457 5769 1663 6826 7453 2744 2962
155 5011 3523 4644 9161 7734 3744 4726 6101
156 2279 3888 8750 5011 9067 3523 6991 9301 935
157 8750 2279 7340 4644 316 1207 482 650 9968
158 9526 4644 5107 8045 2331 4076 2787 1668
159 7887 8750 3523 6457 2279 5731 1905 9301 6101
160 3523 2061 2886 7232 3888 7559 2744 6258 2240
161 4644 3523 5107 8045 2279 7687 2586 7285
162 8389 5107 7559 472 6506 9011 4704 6054
163 191 7887 6506 9161 2279 9459 8052 8183 79
164 4644 9526 8389 2279 7249 6506 4726 6545
165 8045 9526 4644 5864 8389 5617 8203 8125
166 3523 2279 8045 5107 6457 9526 3375 4027 6258
167 4721 7559 348 6457 4976 191 3743 1625 2240
168 3523 4721 5107 8045 7638 2124 3005 155
169 578 5011 3888 4721 1002 779 2369 2240
170 3523 8045 4721 4644 3759 1371 6991 4985 79
171 9526 191 3888 5107 4721 2886 3745 4985 2240
172 6002 8895 5107 4976 4644 578 9102 450 2962
173 4644 3888 4956 2408 2935 3473 2586 7874
174 3523 191 5107 9459 1207 1002 239 1956
175 4644 8389 4721 8045 1371 4869 1423 8125
176 4721 191 8045 8796 7687 3523 4667 1956 8125
177 3523 2314 2124 4721 5769 4553 4667 1956 8125
178 5107 8389 2279 4869 4644 5011 9876 1042 2240
179 2279 1028 2124 1371 8045 4956 1905 4985 2240
180 3523 4644 9526 6316 42 4721 4693
181 8389 2279 5107 9784 3523 9413 5069 1289 8994
182 3523 4644 3888 2886 2061 768 3297 1105
183 3523 7174 5107 191 2124 6316 6859 1625
184 2279 4721 8045 3523 5864 4644 1694 4027 6258 2240
185 8045 2408 6457 2279 7074 5107 2202 6258
186 7810 3523 2886 7174 6002 3888 4407 9265 2962
187 4644 2314 9526 2886 8389 2258 5069 1956 935
188 4644 4721 8045 7174 9413 7232 7719 7736
189 1371 7559 4721 3523 6299 4976 4667 7709
190 8045 4956 1207 768 7687 7837 2787 2128 3074
191 4644 3523 4721 7638 2279 8215 1694 4985 2240
192 4644 9161 2314 1207 9526 7074 4766 8140
193 154 2886 1028 9459 6457 7340 4086 450
194 2886 2279 2408 3523 4976 4644 366 3827 9007
195 2279 4721 3523 5864 7232 7810 3417 4107
196 4644 1371 3523 4721 8389 7340 3743 2128 6547
197 2279 4721 2886 8045 5011 8895 4486 9301 9968
198 5011 4644 7810 2279 7687 7887 2586 6134
199 4644 2279 3523 4293 4721 3888 493 9301 2240
200 3523 2279 7887 4721 7810 3888 4667 5038 2121
201 8389 2061 1371 7174 9450 4644 3743 847
202 7559 2279 2124 5011 7453 7676 8981 6584
203 9526 8895 8750 3473 3523 7074 3005 9265 935
204 2279 4644 3473 5011 3523 6826 4726 4107 2643
205 4644 191 4976 8796 2935 578 2896 5307 2240
206 2279 4721 8045 9459 191 3523 273 6467
207 5107 2279 8045 3523 2124 2408 915 1625
208 4644 7810 5107 9935 8469 3888 5125 6258
209 5107 3523 2279 8796 8389 6316 7977 2240
210 4721 2279 5769 7340 2314 9161 4667 1042
211 4644 4976 8389 8045 8785 3523 4667 9301 79
212 4721 5769 3523 8045 9459 2279 3375 7736
213 3523 3888 4644 6316 1207 4956 8549 9968
214 2279 7559 348 9526 8750 4644 3417 6258 2962
215 8389 3888 4869 348 8469 4721 6840 3936
216 4644 8389 8186 9526 7638 4721 2787 6258 9968
217 4644 8750 8045 4721 7810 578 2896 935
218 8750 2935 3523 8469 4721 4644 366 4134 6258
219 3523 191 2314 2886 3473 9526 1796 8125
220 9526 7638 7559 5107 578 3523 1122 3982
221 4644 4721 7837 1288 7028 3523 578 2128
222 191 7559 3523 4644 4976 5011 6103 7049 7296
223 9161 7174 4644 3523 2886 2279 1072 6258 2240
224 2279 5634 42 3523 7687 768 3417 6281
225 4644 9526 7638 8389 2124 8175 3743 6675 9968
226 8186 2408 2279 7074 9526 8045 8052 6258 2240
227 4644 8045 3523 8389 2279 5107 8203 6101
228 8750 2314 7157 2279 7074 7810 4766 2058 7762
229 2279 3523 8895 7074 2472 2258 4766 3936
230 4644 8750 7638 3523 9161 1028 1905
231 4644 8750 3523 1371 9526 8045 9440 1601 2240
232 2331 3523 8750 9526 7559 6312 4667 450
233 5107 3523 4644 7340 2886 4721 273 1383
234 2279 191 4721 2886 8750 4644 8052 9301 7762
235 3523 2279 3473 9459 2408 3888 3417 8907 2643
236 7638 2124 4869 7174 4644 7340 8765 6101
237 3888 8045 2124 2279 3548 2331 8203
238 4644 7174 6457 8750 154 5011 8203
239 7810 3523 8389 4644 348 9526 1521
240 3888 7810 2886 2124 3523 7232 4407 1042 3074
241 2331 8750 8796 2935 1011 4721 1905 3982
242 2279 8045 7174 8469 9161 3473 3417 6258
243 3523 2886 9526 2061 2279 4644 366 4377
244 2886 4644 8895 4976 3523 5011 2939 9968
245 3523 3473 5769 4644 9459 154 8549 1625
246 8750 8389 3888 3523 2886 3473 1181 847 3074
247 3523 4721 8045 4644 2279 1207 8260 6545
248 4644 4721 3523 8389 9459 7638 3297 780 79
249 4644 2279 3523 7559 8750 191 366 8140
250 3523 3888 7638 4721 8796 5011 4486 5307
251 8045 2279 7887 5011 4721 2124 8824 3543 1668
252 9459 6249 5011 9450 4076 7810 6840 847 6101
253 2279 2124 8011 779 3523 7887 366 6258 2240
254 6457 8045 4644 7810 2279 2258 5330 7732
255 9459 4976 191 5769 6002 6572 790 4027 1668
256 4644 4721 8750 7232 8045 6002 5330 4985
257 3523 4644 8750 2331 7925 1435 3417 2128
258 191 3523 4721 2061 7453 2279 2787
259 4644 8750 8796 191 2124 7340 3297
260 9526 5107 3888 2886 154 9459 1181 2643
261 4644 2886 7340 8895 5107 4363 1181 1252 6258 2240
262 4644 3523 4721 5107 2061 191 3417 9968
263 8750 3523 9526 4721 4644 8011 7115 9301 935
264 5107 4721 3523 2886 4869 2279 7155 6134
265 8750 4644 6506 9935 2935 9526 4726 2643
266 191 3523 4721 7559 2279 42 734
267 8750 9526 191 348 3523 8011 5961 9301
268 4644 4721 3523 8895 5107 7687 1423 7899 2962
269 2886 7559 3888 4644 2408 6506 6267 4107 2240
270 4644 2279 8469 3523 3888 1371 2586 6258
271 3523 4721 4644 3888 7687 8389 2202 4027 935
272 4721 6457 4644 3523 7232 7174 1694 4027 2643
273 8045 7810 1002 483 4976 2279 7115
274 4721 8750 7232 7837 2886 3523 8824 7880
275 8045 7810 3523 578 5011 2314 5330 412
276 4644 2061 7810 3523 2331 1028 8203 847 6258 2240
277 6457 5769 8750 9526 7810 4644 4766 1348
278 4644 3523 348 2331 7249 154 1694 6134
279 3523 8785 7174 191 2472 7887 3005 1670
280 3888 2124 8045 9161 4869 2279 7115 4107 8125
281 4721 6826 6457 191 4644 2886 8981 7880
282 4644 578 2886 9526 7638 3523 366 5097 3074
283 2279 2886 4976 5107 4076 4721 6257 6258
284 8750 7074 4721 4644 191 2279 5330 1668
285 5107 7559 191 1371 4644 2279 2202 7285
286 3523 4721 191 7810 5107 4644 8052 8431
287 3523 3888 7887 7028 7559 191 1423 6258 2240
288 2279 3523 2258 4721 2061 2886 4667 847 7949
289 4644 6457 2279 7174 4869 8389 1694 847 9968
290 4644 1371 3523 2124 5107 3888 6840 3379 2643
291 7887 3523 4721 8750 5107 9526 871 1625
292 3523 578 4721 6457 2279 8750 4726 8618 6547
293 7559 1207 191 7810 4721 8215 4407 847 3936
294 4644 6826 2124 7340 6002 2279 6267 1042 2
295 2124 2886 4644 3888 3523 7824 2787 847 2962
296 4644 154 5107 3523 191 2408 915 2128 935
297 7174 1371 1028 2279 9526 8750 1181 4071
298 4644 2408 2279 3473 4956 3888 578 412 2240
299 4976 7687 2331 2886 3888 4644 3417 1956 2643
300 8750 3523 2061 4644 7174 7887 3297 9265 935
301 3523 7887 5107 2279 1207 3473 2787 7709
302 9526 3888 3523 6457 8750 7887 790 4985
303 3523 2279 7340 7074 1028 7810 2744 1042
304 2279 4644 4721 578 3523 768 6506 4134 6258
305 6457 4644 2279 1207 4721 3523 7228 4071 3936
306 7174 8750 7340 6826 6457 9161 3005 7049 2643
307 9526 2279 7559 2331 6312 1371 273 7709
308 3523 6457 191 5107 2258 578 915 8069
309 8750 3523 5011 4976 2279 2124 273 450 2240
310 4644 154 5011 7340 3523 5107 915 7949
311 3523 5107 2124 7687 7810 7074 8793 6547
312 4644 4721 3523 8750 6776 8796 7155 7880 2962
313 3523 8389 2279 5107 7824 2331 2787 8140 6547
314 7837 7381 4721 4293 5769 348 7582 7736
315 4644 3523 8750 4721 191 7810 273 847 2962
316 4644 9526 2061 4721 6572 2408 1694 8125
317 3888 5107 2314 3523 7837 2124 8824 7880 2962
318 7810 9526 154 3523 7340 4644 3743 7049 6101
319 3523 8750 8895 3888 2279 5107 6859 847 9968
320 4644 5107 3523 2279 2061 8045 5330 1042 3982
321 5011 7559 8389 4644 6002 2124 8981 8841 7949
322 9526 3523 4644 5107 8389 6002 3375 8140 979
323 5107 4721 4869 2835 7174 5769 6859 1348
324 7174 4644 2314 2886 2279 4076 273 9301 9007
325 7340 4721 8045 3523 2408 6506 5330 847 6258 1668
326 5107 191 4721 3523 9161 9459 4407 1348
327 7559 5769 8750 4644 8045 4721 3743 4107 6258 2240
328 4644 8045 3523 6316 42 7887 1905 847
329 4644 8750 3523 1028 7687 9526 6991 9265 3074
330 3523 42 1207 5011 4721 2279 1423 6014 2962
331 3523 4721 4644 9459 3473 7559 1694 847 6258 2
332 5107 7074 3523 4644 1371 4721 6519 5445
333 3888 1371 7559 2279 7638 4644 3494 7285 9968
334 191 4721 6457 5107 1371 1028 8040 4071 9007
335 3888 4644 5011 4721 6457 8389 366 3074
336 8389 4644 3888 4721 6457 5107 7719 6258 2240
337 7340 7074 5634 3473 9067 4806 4667 8618 2
338 578 3523 5107 2258 7340 2935 6103 4027 2962
339 7887 5864 5013 2279 4721 9108 4667 8618 935
340 7232 3523 6457 7638 7810 2279 2202 6054
341 8045 9526 7340 5011 9450 7887 3005 9688 7762
342 3523 4644 5107 191 8186 3888 2202 9301 3894
343 3523 8045 4644 8796 2835 191 2787 6258 2240
344 8750 3473 7174 2279 7340 8469 8052 6258
345 3523 6826 7174 5011 5107 7074 3153 8140 7883
346 2279 9526 7174 8750 4976 8895 2423 7949
347 1371 2279 2886 8895 7174 4721 4086 650 7949
348 7340 1371 4721 3523 1028 4644 7115 1625
349 3523 4644 8750 8045 9526 7824 3375 9265 9968
350 4644 3523 1371 7559 5107 9526 6991 6258 321
351 8045 8389 7174 2279 2124 9459 2744 6101
352 7810 4721 5769 8045 6457 1002 3005 4027 2240
353 3523 4644 6457 7810 4721 191 366 7874 2240
354 4644 191 2279 9526 9161 7638 3375 9688
355 3523 2279 4976 4644 8045 578 4293 847 9968
356 3523 3473 2279 8389 3274 5107 6103 6258
357 3523 191 7638 4976 2331 4644 3417
358 8045 5634 7559 4721 8757 578 926 7880
359 2886 4721 4644 8895 3523 7559 6991 7285 7699
360 4076 9526 4644 6316 7232 8389 3005 6675 7880
361 3888 8389 7887 2314 4721 2886 1181 9968
362 4644 6457 2279 578 5107 2061 8175 9265 2962
363 2279 9526 1371 4644 9161 9459 915 6101
364 4721 7340 9935 3523 6316 9526 3375 2240
365 1028 4644 3888 3523 191 8895 4766 3936
366 4644 8750 7340 8796 5107 6316 4667 6258 935
367 3888 4644 4153 2279 7810 6457 1694 7880 2962
368 8045 191 7559 4644 7687 4721 1072 9265
369 7887 8895 9526 191 6316 3523 1323 4027 1668
370 8750 3523 2886 7824 2279 7676 273
371 4721 8750 5769 5107 1028 191 1323 847 2240
372 4721 7174 2279 191 3523 1028 3375 9301 9968
373 7174 7638 2061 42 4721 7074 3745 1601
374 8750 2279 7174 7638 768 8469 5825 4340 2240
375 4644 9526 3523 154 5107 7887 3375 7055
376 2061 191 6506 5634 8796 5107 5330 1383
377 3523 5107 6506 9526 3888 2279 4704 3982
378 3523 4721 7810 7638 2124 2408 3297 1625 9968
379 8045 4721 8750 9459 4976 2886 8040 9301
380 5107 2279 1371 5299 6826 2061 9887 9265 1668
381 4644 3523 2279 3888 2124 5769 482 450 2962
382 3888 4721 6506 7174 9526 7837 2586 7949
383 4644 7559 2886 4721 8389 3888 3297 4985 2240
384 4644 8750 3523 9526 5107 2279 1072 8125
385 4644 3473 3523 1207 7074 6002 5330 6153 79
386 8750 4644 191 7174 7887 1207 3005 8423 6101
387 5107 7174 8045 4869 3132 6002 8203 4340
388 4644 2408 7837 7174 3888 4976 1694 1956 7949
389 2279 191 4644 7174 9459 5107 366 2643
390 7340 191 4976 4721 7638 6002 871 8140 7762
391 4721 3523 8186 2279 191 2061 8981 5097 2240
392 2279 8750 2258 9526 4644 4000 4667 4027 935
393 5107 5011 4976 2279 8750 7638 3005 8958
394 7559 578 4644 1028 3523 9526 9636 9301 3936
395 4644 3523 4721 6457 2061 9526 4704 8722 2240
396 7837 4644 4721 2279 7232 8186 8792 4107 935
397 3888 4644 8045 3523 2279 9526 6468 9244
398 4644 191 3888 9459 7559 8011 3297 4340 1668
399 191 4644 3523 3888 6457 578 4726 9688
400 191 1371 1207 7074 4721 3888 1181 9265 1668
401 3523 6457 7174 1207 6506 6557 3417 9265 2962
402 8045 8750 2408 5011 3523 2886 3005 9040 6258 2240
403 4644 5107 9526 2835 4721 8389 8170 2240
404 191 2886 4721 8045 3523 4644 4667 7049 412
405 4644 7810 8045 4721 8389 9459 4667 8140 6258 79
406 4721 7837 6457 7687 6826 9450 8289 7880
407 7638 4644 8750 7174 8389 3523 4486 2643
408 3523 4644 7887 6457 6002 1028 366 7285 935
409 8750 7687 2061 4721 8045 4644 3417 6547
410 5107 191 7887 2124 2279 4869 3743 8140 1668
411 4721 7028 6457 7810 2279 3888 366 1728 9968
412 7174 6457 3523 1371 3473 4721 2787 9301
413 4644 4721 8045 3523 7824 2314 7256 8495
414 4644 2279 7232 7925 191 4721 5330 4134 9301
415 9526 3523 7925 4721 1371 3888 790 1668
416 3523 8750 4644 1207 4721 8389 3297 7713
417 3888 2886 2124 2314 3523 7687 2744 7709
418 2279 7559 9459 5107 7340 154 3297 9301 2643
419 2279 4721 191 7174 4644 8045 366 847 6258 79
420 8045 4721 7028 2061 4644 6457 2896 2439 79
421 3523 7559 4644 6002 3888 6316 5330 9301 9968
422 4644 4721 3523 7810 7340 3954 273 8722 9968
423 2279 5107 4721 9526 3523 8895 4667 780 2240
424 7810 7887 5107 4644 2279 4721 366 6153 7949
425 8045 2061 4721 2279 2408 8750 273 6920 7699
426 7887 3523 9161 5107 3888 42 3005
427 3523 4644 2279 348 8750 2061 366 9265 2240
428 3523 9526 8750 5107 2279 8045 3005 2085 935
429 3523 8045 1207 7638 1028 7074 7233 9265 2962
430 3523 768 5107 1028 1207 7381 790 1871 2962
431 7559 4721 8186 578 4644 9526 6506 1956 2240
432 8389 2279 8750 2124 8175 3523 8052 9301
433 3523 4721 6457 2886 7074 4644 2202 1601 79
434 2279 3473 1288 3888 191 2124 3743 4107 6101
435 3523 4869 6457 8045 8175 7824 366 9688 2240
436 3523 3473 4721 4956 8992 578 9636 4728 2240
437 4644 3523 6826 8389 1207 4721 8824 9265
438 3473 5107 7174 4644 2886 2279 3417 1348 2962
439 9459 4721 9526 2279 7559 191 2787 450 9968
440 5107 9526 1207 8895 4644 6506 3417 321
441 3523 191 8045 7638 7559 7687 3005 457 8125 2962
442 3523 7887 5769 7837 3473 3888 7115 9968
443 3523 191 4644 4293 4721 2886 366 2085 6258 9968
444 4644 3523 9526 154 2279 6299 1694 7949
445 4644 4721 2061 6002 8750 4076 4667 4345 3982
446 191 7174 2279 578 6002 9450 4330 1956
447 8389 4644 4721 5107 6506 7174 2551 2121
448 4644 779 3523 2472 1207 8389 3417 9688 6101
449 191 9526 2258 2124 6312 1028 5961 935
450 4644 8045 4721 2279 3523 5107 366 5295 3074
451 8750 4644 3888 8469 7638 42 7977 650 2240
452 3888 9526 578 4644 8011 2061 8260 1601 2240
453 2279 8045 7381 7340 3473 7687 5330 4027 9968
454 7174 331 4721 2279 3888 9526 2202 6258 2240
455 7559 154 3888 9526 6572 4644 8052 4985
456 3523 4644 1028 8469 9459 768 8981 1625
457 8750 3523 4721 8469 7340 2279 8052 8069
458 3523 5107 191 7810 7340 4721 790 4027
459 4644 7559 4721 8750 7340 9526 2844 7699
460 2886 191 3888 7340 8045 8750 7321 9199
461 2279 191 9459 8045 3888 2124 3743 6547
462 3523 9526 4644 7074 2331 154 3417 9023 8125
463 1028 1371 7638 191 9161 2935 1020
464 4644 4721 7559 7074 8045 9526 6103 1042 7949
465 8045 7074 2279 154 7687 4644 2551 9968
466 3888 9526 191 9935 8750 4644 2787 4326
467 4721 3523 4976 4644 154 1371 273 1601 2240
468 4644 7174 3523 2061 8389 7340 1905 8618 9244
469 4644 3523 9526 5011 8045 1028 3743 8248
470 191 3523 4721 7810 7559 2279 9507 6547
471 4721 2279 768 7174 3473 4869 482 9265
472 3523 4721 5107 7837 2331 191 3417 8140 2240
473 2279 8469 578 2408 1371 2061 5135 6153 3982
474 3523 4644 4976 7810 6457 4721 5330 4027 6258 2240
475 5107 9450 7174 7837 7510 3523 915 9301
476 4644 8895 4721 191 1028 2279 8824 847 6054
477 4644 4721 3523 8750 5107 9526 8824 3111
478 7559 2279 4644 8045 191 8750 3417 1625
479 4644 9526 4721 8045 1371 1028 1905 7880 935
480 4644 3523 1207 2279 7174 8895 8052 7285 3936
481 4721 191 5107 7559 6316 2279 2787 7709
482 4644 5107 3523 8750 7925 5634 482 1625 79
483 8750 8389 7174 8469 7810 154 8040 7806 7949
484 5107 4721 7810 9526 4644 6002 3417 9301 979
485 4644 7174 8895 2279 5107 3473 366 9265 79
486 7174 191 2279 5107 4644 9526 8052 450 2962
487 9526 7074 6506 8045 8750 2279 8549 4326
488 3523 7887 4721 4644 9450 2061 8260 7285 1668
489 4644 3523 8045 5011 7074 4721 366 1625
490 3523 4721 2408 6316 5107 191 6619
491 3888 7925 3523 1371 9459 5864 5069 450 2240
492 3523 7638 4644 9526 8750 7340 278 9968
493 8750 2279 2061 8045 5011 7638 790 4071 2962
494 3888 3523 2408 7837 578 4976 2369 8140 2962
495 4644 2124 8045 6002 4721 7559 2551 6258
496 2408 3523 5864 5617 3995 4721 482 4134 9244
497 9459 4644 6316 6457 4721 4076 5678 9301 79
498 4721 4644 4976 3473 3523 4076 366 6134
499 3523 7887 1371 3473 5107 7687 1905
