500
0 4644 1207 8413 2061 2279 4721 3417 9688
1 8895 2331 8750 3473 2408 7837 8981 8140 79
2 1371 578 9526 7340 7174 5107 6840 9301 2962
3 4076 2258 7810 6457 8045 5011 5069
4 191 4976 2886 6826 7676 9935 4667 6101
5 9459 6316 7638 1028 3888 1002 1323 2
6 3523 5769 5864 7157 2124 8186 3743 9023
7 9450 7559 2472 9784 7028 4293 5135 4985
8 2272 7887 1288 7232 8389 1435 4086 847 6258 8994
9 4869 2314 5299 6002 6379 9067 2787 2349 3982
10 2835 7074 331 9161 8011 4153 871 1956 745
11 7824 8796 6506 2379 4187 3194 7344 7285 2240
12 768 42 4553 2935 1200 3759 8040 7709 9244
13 6776 8757 5617 8175 7437 8625 366 2128
14 493 7381 8469 4363 8785 2989 8549 8043 935
15 2934 7925 5634 2959 3274 9402 8203 9265 7699
16 6557 6185 2769 9827 4761 3548 5330 8495
17 9413 154 7427 8992 8792 4936 3005 6020 9968
18 6312 6249 1663 153 8650 8703 790 450
19 7687 8215 9693 9108 7453 7493 210 7296
20 4956 4726 2614 2210 7076 779 1529 2741 4728
21 3182 6382 6572 664 4038 5551 1276 1383
22 9280 4806 348 4048 316 4158 1581 1348 321
23 5535 3995 483 472 9386 7298 1973 8423 4340 3894
24 9747 1202 2765 2356 4318 9634 6859 2121
25 1582 7510 5013 8835 8804 2284 3297 4107 9129
26 659 3143 103 1488 4830 827 2486 1625
27 3954 5130 6265 1693 7738 741 141 4027 1668
28 5056 9636 4161 7718 4321 4315 5754 7880
29 3746 1294 5252 8801 5624 4902 1336 6920 6327
30 7327 7129 6172 797 5705 8010 4407 4071
31 1230 2896 8768 3536 3017 7783 9389 9132 9199
32 5835 5320 4920 7382 7503 6628 5972 1763 5715
33 9011 8731 7734 4613 3132 1938 926 6547
34 1011 500 5059 7248 2048 9797 3188 6584
35 4200 7368 1716 6395 4331 5723 5795 7413
36 7249 4290 4792 2402 5731 6121 1423 6428 9007
37 7114 3859 6181 9484 5073 1127 8926 4828 2288
38 5024 3471 7322 6309 7311 3310 4486 7883
39 36 2714 1107 423 7357 6299 5652 780
40 4181 3440 6339 3711 1906 3682 3267 2662
41 7220 1432 2851 4330 6165 1033 4821 6170 2340
42 5282 7654 1180 627 3931 7628 9595 3053 3936
43 4217 5336 9318 6279 3713 9204 1796 8125
44 2941 6607 8035 1298 7581 8654 8416 3758
45 8717 2548 491 9588 1152 1399 9887
46 696 631 1727 3854 6573 4229 4000 6153 6613
47 4323 7828 317 1357 8739 5246 7155 4624 3012
48 8434 2332 6167 4594 5371 3057 1905 5917 2555
49 6396 3660 1203 8192 2369 1038 5399
50 4050 8444 5350 1725 5439 4140 2560 8949 5307
51 1102 3041 2457 3133 9529 8764 1201 5762
52 2270 7915 806 7546 7494 6164 4474 6938
53 5147 1520 7865 5595 6286 8199 2551 8618 2643
54 2530 4166 7840 3744 2952 312 1908 2183
55 8916 750 6267 263 2815 2317 1194 1020 6534
56 2719 2839 315 8817 1468 6707 3857
57 7543 1518 2291 2287 3373 3860 6709 9224
58 1802 9382 6974 6971 4120 4867 9083 1984
59 9552 4139 9585 9962 3628 3264 6468 412
60 1304 4810 897 1857 2065 6227 7115 3111
61 5016 1417 2953 5279 9104 4593 2744 4326
62 6700 3614 2819 2243 7835 3794 7461 4901
63 5327 4563 7784 9890 1244 3406 273 1479
64 7963 4061 8420 1168 3161 9475 1694 7429
65 6872 351 7580 3613 4782 6064 7582 3453
66 1403 6972 5682 8527 7181 9714 8208 1601 7153
67 4849 3902 1022 7714 8264 3518 2330 5474 979
68 8615 9690 7416 593 5093 4032 2586 4222 7949
69 5493 4233 7642 8430 8276 6794 482 6899
70 9035 5941 4554 3544 8143 5204 7680 7899 5869
71 9018 6597 4982 9291 3467 230 9694 7762
72 6713 6169 5874 7466 7562 3357 8052 7049 9930
73 8767 1114 9363 2779 3573 7021 3977 650 3074
74 1362 7651 5236 1881 2338 2571 6901 5412
75 7273 888 8225 5701 5598 4862 3375 523 427
76 7228 4275 7741 2602 3627 9859 5410 7213 5880
77 9626 2567 2034 4304 1146 3000 6890 4060 7732
78 3531 2557 8737 5173 5170 3985 9833 949 1299
79 740 5081 3181 5022 9974 2515 8521 1571 7652
80 4654 2918 9225 4996 7927 1450 3676 8183 9842
81 1012 844 2157 8001 2703 3011 2152 8498 2986
82 4655 6854 2541 7774 2850 1664 4449 2264 4199
83 1603 2582 2197 632 6548 8740 4986 3379 5962 9533
84 4391 5829 4512 62 2575 2780 4703 4941 5748
85 2727 2654 3034 3600 3126 1418 5953 6014
86 6345 1284 849 2754 4185 4592 1743 4134
87 2224 1474 3200 7107 4861 2991 5961 352
88 6273 4550 3662 9981 3085 8559 5308 8722
89 2092 9422 440 54 5508 7801 9675 4908 2704
90 9895 7201 8846 7945 5499 810 9708
91 3218 3867 6783 6444 6157 4856 9876 9086
92 5298 2695 2135 1828 4008 1673 582 4780
93 9857 4388 1321 9142 7282 6593 2202 9669
94 9705 407 9472 2068 229 5667 522 2439
95 4653 4122 8819 7414 5398 1902 3565 3106
96 510 5176 8249 4800 1239 2063 2049 3745 1476
97 5133 4196 924 2869 4380 240 8542
98 3192 2213 2035 9514 1669 2378 6426 135
99 9038 9099 6025 998 2046 1483 4648 3331 3877
100 2296 6823 1318 679 4751 846 182 6538
101 2381 7430 8626 6577 2042 5220 8260 8069
102 982 9949 4489 641 6433 4452 4600 3926
103 401 1196 8190 692 8633 3442 8808 3543
104 6796 4808 9530 3522 222 1410 6493 1521 8387
105 2228 3592 4115 216 4332 3616 3632 9159 1353
106 1507 4519 6439 4279 3667 6601 4766 2630
107 5404 3019 7358 5395 8289 7947 6471 2085
108 9644 7375 6878 7990 5249 1466 5125 1042
109 4538 5453 7359 3800 5729 9617 6103
110 9937 9597 4422 5590 5611 9941 9954 2790
111 4683 1350 2504 7763 8374 1766 915 5097 7438
112 7903 9610 2006 1458 2785 8241 6612 8481
113 7827 7890 8059 7588 5121 5854 6706 8209
114 4251 9651 3887 8123 187 9235 864 9640 7012
115 1420 3605 3503 7223 7412 3951 8652
116 1046 8861 4472 9408 3480 9157 1890 625
117 9334 6120 1392 2948 974 4747 3227 1534
118 8164 3031 2755 6837 492 7118 1559 9102
119 4814 7305 1316 4542 1687 9258 8720 133
120 3198 6574 3749 5123 5008 5036 8674 1670 6054
121 1844 2083 5139 445 2230 49 684
122 2494 4754 2671 8432 4914 7697 6602 7156 1343
123 986 6929 1322 4163 1590 144 6091 4035
124 4499 2405 8039 8951 4408 754 6598 8431
125 7211 6900 3423 3980 6158 5847 4704 2699
126 2636 9744 1537 1279 6846 5378 5442 552 2327
127 8642 3071 1527 5414 5114 2572 7196 259
128 9081 5952 8120 5683 8291 3217 7719 6986 8491
129 7611 2367 5974 5883 9222 8219 8098 6744
130 2076 7817 353 7150 5603 4383 2751 1238
131 9123 4195 4435 1388 7295 6183 2521 7874
132 3392 7428 3492 7608 2167 9782 7877 6698 8711
133 1896 8783 3301 7909 3185 5608 8845 2730
134 5364 416 7793 4366 7274 2622 7025 4352
135 3962 4889 4955 7475 4685 7976 6425 8841
136 5568 4339 9566 4111 7091 5017 3738 732
137 9752 8979 8253 1883 8063 608 3828 447
138 7287 2687 419 6764 2912 2969 5692 246 1105
139 4853 5055 6307 3300 5554 7730 8050 8837 7240
140 2848 5159 5532 3693 4448 8178 5573 1728 8644
141 4895 3570 5285 4650 6882 4090 1072 9040
142 7371 4891 7380 50 1895 160 9438 4928 5219
143 4124 8038 2372 5878 6723 4846 728 1557
144 4328 6004 1565 506 6563 5757 3027 1774
145 3455 2370 6908 7901 7743 6804 6422 5234 6458
146 8727 6371 7383 1592 899 9766 52 4362
147 6217 9926 3866 5570 4656 5725 563 6226
148 143 1708 6527 9140 7346 5919 5986 3837 183
149 9434 1558 1324 7265 6315 1386 6568 1289
150 3257 9232 6210 6553 7010 4781 5892 5862
151 7587 9574 1266 3899 3698 9415 9153 6030
152 5900 2289 1416 1188 1376 204 8707 7233 8470
153 4142 4769 5057 8984 5975 5290 8170 4314
154 47 8397 1838 2830 6243 4980 6266 7267
155 2044 6646 7229 8457 1517 1671 5226 6269
156 3978 1909 9424 9590 180 9963 1233 7602 3830
157 2303 7255 1198 5203 196 1991 6510 2335 7713 9545
158 236 9967 6542 7451 9814 4376 5646 719
159 2845 5575 7512 7017 5079 2492 8824 8227
160 8226 5778 4119 6419 171 1530 2672 3827
161 9147 5976 4952 9455 7190 9568 1237 1871
162 8194 8821 4964 8046 9278 1158 6152 4866
163 8057 2359 3298 386 769 7724 5990 5872 9461
164 763 923 2691 2593 3527 7863 4991 6545
165 3920 2354 4503 7455 6858 5750 9300 4345
166 7923 7823 9966 4892 5684 3246 1159 7791
167 4588 4017 9082 6235 5473 6708 209 6875
168 8020 9575 228 2701 21 4850 8664 6281
169 1096 2843 6529 5183 7348 142 2667 6676
170 3625 4247 3778 3809 1349 1626 2825 639
171 1703 4564 6704 1078 2524 6205 3449 8793 6467
172 6740 9660 6394 6781 7723 3890 7022 703
173 8942 7662 2766 7799 7440 2081 5965 5704 5386
174 5047 7194 5382 5886 3418 7825 3296 239
175 6245 3850 4370 8897 3271 4291 8744 1181 2155
176 8975 8645 6287 9210 2059 8511 85 2531 6296
177 5675 7262 2836 8138 1662 4394 9326 2060
178 9203 3534 6746 8501 8382 3209 5963 8566 838
179 8669 4387 5944 9053 6449 6505 5711 4070
180 8490 6213 421 7891 2122 1211 8608 5637 9659
181 1760 8781 231 5332 8510 2086 9779 7179
182 9127 6814 1688 3959 773 4947 5037 9522 6967
183 7843 98 7352 179 8315 9913 8353 468
184 391 2467 8459 6366 3546 8678 4758 9440 4129
185 9196 7186 1155 3424 3086 4740 3793 734 5677
186 4818 7531 7462 4708 5994 4476 2826 4093
187 7279 2860 5328 4825 3846 688 587 2203
188 5196 2172 5213 1723 8440 636 3643 8743 116
189 9817 1597 403 9209 2814 3288 6109 4168
190 6317 4186 6703 1407 3826 7047 2215 6306
191 4273 1398 9188 5495 3983 1975 2610 6224 518
192 1467 5616 5549 947 6068 5158 6926 2735 9848
193 3838 9445 5718 4138 3774 2069 7385 5038
194 9902 1814 1326 8240 8166 7469 2655 3494 6778
195 1087 7450 9103 549 3760 5025 3258 5401
196 1729 6475 9331 6278 9792 1047 5450 5525 8212
197 1278 6912 4130 7804 4215 6443 2963 511
198 1998 9622 831 3350 4734 1006 7627 3461
199 3205 3189 8962 706 6965 1639 8915 7526
200 537 2502 799 4646 7674 6958 9686 813
201 7303 3765 4248 3378 2251 7764 197 9160
202 6816 7218 4724 2584 6956 2528 3735 3841 2666
203 7241 2772 6138 2742 2020 1656 498 6260
204 8213 6031 961 7712 5392 7841 1497 7457 3163
205 4772 2936 4693 4545 2488 3968 224 906 6270
206 9358 4789 1109 2364 3180 7301 5118 276 6134
207 4085 1115 9093 4351 5681 3500 9019 5788
208 1676 1882 6590 7408 6072 8042 4998 7977 6675 5064
209 3939 5137 1759 5287 5926 4713 6775 6991 5006
210 9 2471 4165 6647 8099 6027 5540 8815 3541
211 1021 3928 9346 242 3169 2033 3279 7806
212 442 2385 7760 8553 392 1122 4221 8005
213 5102 1291 6399 8368 2663 1620 5753 1962
214 7907 680 657 7103 4438 26 6052 5179 3050
215 9466 1055 6378 6866 8000 3973 1783 1776 8293
216 6318 2245 918 8394 3658 6951 7104 4755
217 4694 9076 4225 4688 4167 8191 7315 1715 5295
218 8972 2351 2996 4135 5959 4700 6289 9398 569
219 8216 265 4412 5210 5075 7490 87 7160 843
220 5346 4587 2252 8914 7623 5195 2981 1921 10
221 3849 3059 1792 3626 1359 2536 6852 9181
222 6813 6017 245 2290 8399 429 2853 3371
223 5516 2861 4904 4735 1475 96 8890 379 2058
224 6745 3039 2588 335 9691 1801 9905 5772
225 464 8424 1836 9457 3719 3856 6822 4066 1979
226 8018 542 1135 3622 2329 1347 5613 996 2414
227 4292 6294 1825 6256 1553 5678 5491 743 1496
228 5641 1062 5563 6442 5148 107 1700 6470
229 5545 4533 8127 370 3953 2207 7152 3895 4341
230 8546 4042 3037 7884 6868 1280 2067 4505 2904
231 6483 7270 7015 1312 5881 9702 7378 5509 5437
232 4483 1331 6697 320 9429 9284 4041 7234 5848
233 6948 115 9049 5191 490 5669 7818 7459 4377
234 4073 2460 4421 8952 38 2451 3501 4255 4437
235 6253 9250 6894 9945 4427 3341 8288 9606
236 9243 5903 9184 4023 6314 7112 505 3456 1256
237 1017 5460 7532 3055 8909 7256 6964 4078 7545
238 7424 5672 4638 97 8247 8032 9401 1978 374 4020
239 9051 334 7134 5653 6832 7957 6504 6231 2192 3836
240 6304 8513 9171 4052 2720 661 6036 6300 8907
241 305 1681 361 9823 3024 2922 5015 6742 9666 8134
242 8648 694 2487 9919 9458 3206 3151 9576 7055
243 5703 1189 5822 9245 6259 3771 4877 2998 7290
244 1463 5144 6824 389 7246 9695 7043 4968 8609
245 8244 364 8088 1451 9022 9738 5291 667 7434
246 1733 6372 5046 4194 3068 7870 8073 2175
247 6452 9366 9340 6755 9567 7873 458 4750 7575
248 1732 5559 6209 6533 7916 3372 5968 3153 4855
249 3419 2436 1768 5094 2547 414 6633 9014
250 2221 8025 8833 997 4018 7897 9996 4178 7120
251 9207 2248 2363 7594 8108 2587 5851 6469 6082
252 4969 3390 9809 682 6665 2777 8 2713 7782
253 4851 5424 8463 4461 9914 6606 8641 7444
254 5376 8390 3796 4942 1976 8436 1811 4900 9955
255 995 1968 1818 1437 3563 8318 1427 3270 9107
256 2684 8682 7700 3620 3512 4136 6642 2399 6465
257 4874 9482 879 1482 8016 6688 7750 7170 6611 9075
258 6488 8076 7685 4425 3438 2852 5513 4977 4824
259 8560 3315 213 7619 5586 2126 3014 5536 7456
260 7376 5427 6474 3283 8902 8443 9546 9218 5340
261 9676 7567 2217 1235 4578 9760 8272 63 457
262 4267 7192 9571 2007 5736 1431 9200 1236 2274
263 7269 2638 8960 1823 1519 9785 7281 5687 6482
264 9287 9679 6864 1224 5066 6277 7535 278 6827
265 4113 8675 5853 3591 5691 4424 2024 7586
266 3394 3193 3514 4736 7908 2078 8603 9393 8554 6692
267 5571 2921 8080 6349 6811 8281 6679 1252
268 8866 9643 4335 9620 1616 9092 1632 8853 4180
269 7102 8354 7387 3421 579 9033 2973 8130
270 9110 1989 8328 1630 9781 5261 5070 5657 3753
271 1591 6917 645 4794 3351 7031 2238 3530 7
272 6886 5665 6275 4827 1027 543 3624 4684 9043
273 7797 5115 5706 6733 5255 8447 4673 95 7321 7088
274 9790 1897 146 7999 4837 7297 2678 5730 9270
275 2468 7667 2082 845 9399 3952 4039 193 6687
276 3594 4049 1926 6108 9507 2722 6431 3766 761
277 8540 5377 3388 2336 1634 7816 6969 4880 8920
278 7540 9948 6252 3187 2977 7937 6561 7787
279 6987 2694 1334 27 5317 248 7128 2767 3584
280 1313 4059 4205 4451 4938 5426 2759 1560
281 2824 5999 9673 7460 3822 3464 1652 4126 9764 7736
282 3389 6684 8746 1525 5506 9189 3293 14 5445
283 6276 5297 8619 4725 3003 9492 7942 9986 3023
284 7727 3862 8576 6085 2523 4062 8064 7609 3714 8406
285 4103 3091 7332 3302 2249 5542 8072 6434
286 9201 4396 6441 905 8868 8094 7317 9066 3113
287 1722 1309 8765 4642 1913 2882 2355 942 3096 6739
288 181 2497 5456 1720 9662 4872 8229 6519 4558
289 1024 4338 8464 5943 9851 5819 6079 8927 5507
290 8096 1827 1453 1771 3385 5289 4935 1682 9443
291 3716 4961 8627 8635 803 2844 2561 8004 4705 9139
292 4088 5707 6556 916 5743 6199 448 5852 2275
293 5927 3171 6609 9998 3917 4716 9508 9137 3032
294 2140 2130 6828 1394 6335 1128 396 8505 155
295 8791 7286 9767 7552 8772 6659 4657 8990
296 2253 4014 8917 8449 5089 5157 7913 2721 3521
297 2455 1005 5587 6645 3891 2514 333 1892 7992
298 3248 5200 6097 3874 9900 9237 8769 1019 8462
299 975 5447 8292 8762 5353 8923 8404 6921 7968
300 4509 6865 4671 5498 4565 2832 6450 8963 691
301 9502 3211 7798 8158 6614 2950 3655 314 7513
302 6037 2800 781 1008 3026 7235 6180 4767 9453
303 5627 8273 3067 3816 9824 9534 1994 4230
304 5924 6595 3401 9599 1069 5284 7168 1220
305 7339 9674 8624 9267 8466 4355 7330 106 5775
306 7058 2406 7062 1684 9156 4631 7996 6936 7314
307 8806 161 940 9378 8504 7329 3458 6436 9731
308 4508 4154 907 5868 4576 2111 9642 9329 5546
309 1262 2967 4868 2820 5550 9028 4518 4097 7355
310 5146 1068 6536 1820 4381 6221 360 2550 5099
311 9234 5599 8847 8584 3436 7672 8779 3664
312 9388 3332 4681 3277 3815 8334 2328 5825 4664
313 8483 2881 5051 4911 7482 7002 2079 7113 9931
314 9773 3526 1861 147 2394 9554 5680 854 207
315 9009 3767 3459 800 7705 1382 2129 325
316 8758 3542 3906 2813 2658 6117 3947 7197
317 1629 6480 544 4256 1302 1677 1654 4242
318 8761 1863 3359 8760 5936 5958 8921 1179 3376
319 9473 2391 6793 3411 9727 2482 9016 3921 4783
320 3382 8033 8577 8261 198 9715 972 2795 8716
321 4987 1635 938 2775 8271 8640 1516 8881 2407
322 9983 4274 2099 5561 3452 5991 5579 8305 6360
323 2469 3415 736 1927 913 1015 5256 3348 8332
324 4981 5588 3090 4028 2980 7109 6077 195 9013
325 1342 9119 4144 7800 3608 1120 2477 6076 4903
326 8955 4744 5049 8607 3739 5537 1967 976 7105
327 1815 8697 1161 1907 1440 9542 5168 4218 1084 545
328 2459 1617 6397 2145 2420 6090 3892 6543 6492
329 2656 8818 1344 1988 9469 119 5273 5564
330 3617 5856 4696 2517 3472 9454 4322 7278
331 4663 662 7166 1093 3448 562 9864 6357 1710
332 3915 1268 1758 8115 4149 5127 9768 4253 2611
333 1777 8321 4410 6361 7122 3478 8347 3751
334 8596 8446 449 1568 7052 572 8034 6129 148
335 5169 3734 1269 1340 2957 1712 9762 3451 6021
336 4169 2425 7245 547 6430 4634 7589 9442 1145
337 6857 4083 8786 5305 4522 7417 3911 3414
338 3294 3450 3311 2479 375 8165 6674 3146 4765
339 3138 6208 8943 5244 167 2609 8479 920 8812
340 9170 8996 9310 7650 5905 6456 1735 5761 8888
341 8118 4490 8398 6179 43 9266 7924 5929 6979 5547
342 3972 9214 7277 6038 121 3992 7403 6626 7133
343 29 109 5018 3369 9899 1636 290 6681
344 2625 1018 2102 288 911 6805 2301 6263 476
345 6944 3927 7838 3851 9143 2170 3139 3261
346 2435 6757 4605 2880 5431 9118 6582 1769 2322
347 8372 3333 3639 8704 1893 2997 1536 1275 8111 8193
348 9221 8302 4371 1014 4883 2242 3361 3398 9722
349 9471 8278 2169 1460 7016 8066 6455 8860 496
350 2939 7578 215 8101 3387 4445 2620 6558 5660
351 6033 11 8438 1369 7020 4303 4177 100 8714
352 2984 992 1214 8322 2500 1333 4568 7484 5964
353 8974 3829 5469 3324 2450 7591 1494 6257 3158
354 3868 1925 2995 3216 5610 9134 418 2431 1134
355 8850 6546 7215 6934 5084 653 9365 6010 2413
356 2669 3777 5517 2642 9079 3462 3152 6241 2214 9114
357 3338 7966 2605 4298 129 821 6411 8351 9646
358 6420 7237 6066 2823 241 4044 6620 807 6621
359 5601 3112 3370 5275 8426 7272 7561 2708 3736 4539
360 1245 561 869 9718 8051 8525 7111 4152 3079
361 6392 8458 9728 3318 41 6690 6000 9304 3637 3316
362 6005 2664 9737 9856 6879 9117 4759 5389
363 9641 4595 5035 5425 2220 296 8324 3046 3065
364 68 6242 460 2646 766 5812 8310 1691 7072
365 957 6132 9131 8147 7264 6803 7081 2476 84
366 5227 7231 1672 4278 6856 4764 5463 6749 1542
367 9125 7505 852 4535 833 9725 5799 2041 151 6447
368 3502 5452 3404 287 7398 5932 6724 3058 9716
369 568 685 9112 6906 1052 9437 9417 6624 1638
370 4235 1182 8778 8774 4295 8869 8246 4665 1246
371 4598 7959 2840 3773 8141 5945 4496 6541 5628 9404
372 2821 8283 9897 818 1400 2559 4927 4532 7048
373 2297 3410 6720 9305 7236 473 9562 4082 6653 139
374 6106 2421 1166 7768 1300 4456 1919 1064 7948
375 0 7214 3933 815 4566 6985 4706 8517 1364
376 7388 3196 8738 6156 113 2282 5882 6902 7485
377 226 3645 7603 3556 9321 7464 9672 2598
378 1409 4118 5938 9736 902 1514 48 2235 8844
379 4477 1951 7158 9128 6247 3847 1865 7951 4923
380 3611 536 9328 1621 2374 586 4826 9312 6889
381 5202 1493 4609 5351 1448 5745 5486 1419 5248
382 3069 6629 9154 7307 3422 8590 8745 6619 4717
383 4296 3940 3287 8383 5722 4555 5221 9989
384 2928 7735 9577 9519 7792 9168 390 3791 5182 7474
385 8009 4854 1544 4992 4100 387 3852 8346 532 5166 3885
386 5402 5960 7144 2267 6657 8237 9953 611 7142
387 2724 5814 461 2770 6940 3587 9647 8548 9745
388 1853 909 2089 8629 2255 3224 8317 8135
389 6835 2726 150 1817 9488 2838 6522 856 1972
390 1384 6845 9056 2015 4515 9863 2118 5751 4527
391 893 173 3647 9774 1695 4386 2222 3788 4429 76
392 1862 1864 3640 4447 9611 9987 5403 3580 5155 2013
393 1622 739 8024 8643 3347 2715 1709 2908 2647
394 2091 6996 5776 3803 1111 8689 8274 4030 8167 3144
395 5161 7839 9504 2011 3721 2386 9866 8725 2326 6635
396 7019 2009 1170 7986 6638 3551 408 8079 1935
397 8196 9503 9812 7666 5650 9360 5727 5422 4241
398 6146 963 9379 6319 1698 4329 1600 1270 1139
399 8152 9423 7836 1618 4590 775 8999 1854 9982
400 7225 7612 9062 7745 8906 962 1190 5763 8342 8284
401 7492 1875 2050 9403 5272 5988 671 9743 6388 2143 8910
402 3729 5602 3955 1958 2280 5405 2868 3201 3581
403 8509 8128 7299 7533 6255 2268 2384 4910 8878 8528
404 3618 2231 3247 9339 764 8898 3782 4556 7210
405 3934 2434 9517 2987 4155 2154 424 4465 5053
406 5949 2688 4632 2581 409 1193 7551 8250 9115 7751
407 9924 2931 6023 520 2849 7366 8606 2127 4034
408 9763 4266 1756 814 4763 6041 7343 4876 1753
409 3168 6350 7969 9002 338 4137 3130 983 9021
410 326 8735 4479 7377 2566 5733 5354 8393 6343
411 1640 922 6329 6918 2166 8132 4621 6791 4551 5211 4909
412 8184 4208 1191 9870 9769 3460 3900 8950 7691
413 323 8238 959 8137 7051 6896 9246 1303 3898 1091
414 5614 2637 1063 3322 615 5619 8749 3913 5335 9197
415 1650 7853 7601 3475 5845 1283 5739 9853 4607
416 6943 984 5276 5263 2556 9999 2105 3280 4307 8507 7852
417 634 3439 1767 2901 7635 2334 9194 5235 2263
418 1576 612 9427 7499 8339 70 2216 1563 2100
419 9553 9297 2926 7656 4013 8202 3881 5314 5134
420 3084 1631 3589 4480 9383 724 2590 835 6788 5679 6672
421 5000 7905 7967 1595 2448 8298 2841 4074 497 1216
422 378 4611 9596 8557 9394 2163 6583 4773
423 1029 4718 9150 7106 6342 7620 7776 7940 876
424 785 507 7812 6763 4630 4994 4552 5625 1195
425 2043 2453 5058 3960 6751 1532 5741 5041
426 344 9847 5281 5918 7195 6950 9095 6402 1546
427 2878 2056 4678 7014 426 1655 1034 6078 243 3961
428 3990 681 9939 4417 1053 8222 6297 5600 2979
429 8705 7702 2789 3598 1660 1549 4250 7032 3783
430 7649 2300 1718 9550 9541 8359 7943 6016 7659
431 8012 953 9796 3346 8721 6118 5325 9068 6786
432 720 4197 342 3764 6107 8997 4132 5832 5615 7997
433 4570 8610 2665 1131 6466 1837 4116 7011 6413 9834
434 4599 9653 6660 1094 5337 57 1171 7574 3405
435 4270 1438 1545 8006 2181 35 1361 8350 9374
436 1030 3506 5119 723 8454 5197 293 7342 6203 232
437 383 5805 7931 3177 6927 788 4582 1010 2617 1731
438 6110 337 2511 350 7000 8953 428 4753 3291 7536
439 5032 7803 9495 1217 9894 3202 6435 1147 1044 8116
440 5890 6337 4511 8285 6096 381 4674 7283 1057 6075
441 7529 6995 4360 2395 4466 4918 3649 744 7742
442 6654 9101 5187 6346 7161 8561 8280 1007 2905 7560 9349
443 3636 2337 2812 6081 9375 3730 6658 7941 5815
444 7140 2090 3083 4426 3648 2930 7640 2040 3657
445 6325 4922 7911 7808 4231 7844 4128 3993 9271 5885
446 558 6414 8595 4990 8153 7288 8718 9536 2606 1454
447 3873 7130 9726 4114 9557 2743 5388 7006 6636 5451
448 3175 8799 2903 8330 5091 2686 4206 9880 5636
449 6124 882 2481 9130 669 5765 1765 5694 3893 5156
450 9882 9452 9532 5518 1151 4652 5527 7566 4077
451 6003 8839 4289 2632 3516 602 446 4478 6009 757 1429
452 4226 4589 2829 519 8075 808 9344 5842 7516 2186 3236
453 7506 5712 8380 6508 5039 9078 4675 3412 7183
454 6821 7689 894 2153 2916 9372 2677 7879 1187 6188
455 7584 6801 9070 4838 8474 8823 17 7624 841 550
456 2628 7605 5010 7773 4666 4460 9572 8485 6639
457 8903 80 9338 2509 8159 5774 2631 7070 1077 9990
458 5931 9361 8647 101 8913 5375 9251 7326 8579
459 1637 2316 6933 2262 9916 6876 8988 4305 4265 1498
460 9308 1604 318 3191 2747 1885 8327 4659 3284 4356
461 5415 8976 5092 7309 5556 266 7544 9477 4574
462 3221 9531 5779 9845 2594 8653 4434 9432 7242 5674
463 9756 589 4620 1459 7595 4046 1104 3737 6588
464 2119 6769 6579 2501 2357 6663 3741 2553 9569 6250
465 5419 3974 4373 5940 1816 1977 1502 7633 2537
466 8083 3848 436 8357 8473 6562 3650 604 2447 8780 4531
467 6202 3446 277 6586 7660 4121 556 60 5957
468 292 5664 7563 1338 7900 2261 6386 5770 5 4045
469 7614 9985 4560 165 7794 9925 9074 486 5522 1081
470 2418 3709 294 801 859 9077 1648 9909 930
471 9262 4852 5781 6494 1982 1866 7748 6410 5347 5685 7082
472 9059 3695 2419 2094 2680 4207 5186 9537 5466
473 8941 5787 6448 362 4064 8873 7849 8777 8530 3561
474 7125 6777 8957 1172 6959 2626 9698 3137 268 64 2856
475 2778 149 7625 891 958 512 5464 9648 1142 2052
476 9650 5800 2874 6725 621 357 2498 4711 2920 646 205
477 4475 5830 1701 3010 5591 6682 529 4999 4840
478 7946 7489 3367 1138 2621 1584 2219 8567 166 5798 9903
479 2021 2796 4182 8437 189 2946 3142 4649 8496 5443
480 7226 9193 9298 1480 1503 9732 2276 212 6348 3329 4311
481 1490 6531 5789 3595 8736 2827 1880 93 8341 4133 2858
482 1936 7100 9509 2961 7939 4637 9229 2051 8882 9293
483 967 7497 6648 5640 5839 4406 2241 237 3251 7517
484 9155 8082 2218 6710 8734 172 23 9084 4204 4444
485 5001 9231 6284 7313 2738 1764 3702 3413 7530
486 8091 4819 1645 4471 9711 4125 3668 6489 1462 4238
487 2045 262 9724 5363 2281 4484 170 6440 5293 3869
488 710 7953 4416 1501 6160 4051 7958 4690 655 9448 1524
489 7876 373 8277 4498 2054 1108 1561 8879 8176 420
490 7275 1210 83 6780 5319 5544 9220 3197 4001 8887
491 7995 7557 327 7898 4897 9838 1136 7686 8467 8681 7759
492 9951 4237 8002 175 9975 4026 5205 515 9535 7447
493 5268 7917 760 9335 5174 2682 3577 629 8492 9657 7316 2475
494 8395 4865 8724 2955 45 3179 9333 4146 3564 7669
495 3785 533 2811 5606 9447 2734 7711 8093 5454 5228
496 2854 5343 6993 8421 8691 1390 9915 9195 3692 708
497 3558 635 9547 8422 5666 8100 192 1891 2422
498 5370 3286 853 4487 5577 8665 749 4623 1952 8092
499 7498 8825 968 2508 3996 7850 8376 2196 5034 1867
