100
0 2025 1051 5949 7134 3122 4334 8947 745 4723 7409 4928 2463 3514 3058 2453 5402 1738 9505 9781 8324 3798 56 1046 547 837 1802 8542 7313 6047 8560 1541 5483 5294 5072 5447 7040 5211 4037 3651 4938 5456 2246 6092 4832 4565 2622 5514 1993 1025 5387 6661 1138 106 6162 1380 5990 5943 7103 1261 8303 3435 1550 8073 5643 3791 1670 6241 6852 824 2812 5148 6227 4970 2949 1985 5781 6955 7683 2297 9115 7305 2813 6501 9410 7431 7352 3526 8433 4280 5006 8833 9762 985 2654 8727 8188 1638 2944 6402 8636 8828 3150 1503
1 2025 1051 5949 7134 3122 4334 8947 745 4723 7409 4928 2463 3514 3058 2453 5402 1738 9505 9781 8324 3798 56 1046 547 837 1802 8542 7313 6047 8560 1541 5483 5294 5072 5447 7040 5211 4037 3651 4938 5456 2246 6092 4832 4565 2622 5514 1993 1025 5387 6661 1138 106 6162 1380 5990 5943 7103 1261 8303 3435 1550 8073 5643 3791 1670 6241 6852 824 2812 5148 6227 4970 2949 1985 5781 6955 7683 2297 9115 7305 2813 6501 9410 7431 7352 3526 8433 4280 5006 8833 9762 985 2654 8727 8188 1638 2944 6402 8636 8828 3150 1503
2 2025 1051 5949 7134 3122 4334 8947 745 4723 7409 4928 2463 3514 3058 2453 5402 1738 9505 9781 8324 3798 56 1046 547 837 1802 8542 7313 6047 8560 1541 5483 5294 5072 5447 7040 5211 4037 3651 4938 5456 2246 6092 4832 4565 2622 5514 1993 1025 5387 6661 1138 106 6162 1380 5990 5943 7103 1261 8303 3435 1550 8073 5643 3791 1670 6241 6852 824 2812 5148 6227 4970 2949 1985 5781 6955 7683 2297 9115 7305 2813 6501 9410 7431 7352 3526 8433 4280 5006 8833 985 9762 2654 8727 8188 1638 2944 6402 8636 8828 3150 1503
3 2025 1051 5949 7134 3122 4334 8947 745 4723 7409 4928 2463 3514 3058 2453 5402 1738 9505 9781 8324 3798 56 1046 547 837 1802 8542 7313 6047 8560 1541 5483 5294 5072 5447 7040 5211 4037 3651 4938 5456 2246 6092 4832 4565 2622 5514 1993 1025 6661 5387 1138 106 6162 1380 5990 5943 1261 7103 8303 3435 1550 8073 5643 3791 1670 6241 6852 824 2812 5148 6227 2949 4970 1985 5781 6955 7683 2297 9115 7305 2813 6501 9410 7431 7352 3526 8433 4280 5006 8833 985 9762 2654 8727 8188 1638 2944 6402 8636 8828 3150 1503
4 2025 1051 5949 7134 3122 4334 8947 745 4723 7409 4928 2463 3514 3058 2453 5402 1738 9505 9781 8324 3798 56 1046 547 837 1802 8542 7313 6047 8560 1541 5483 5294 5072 5447 7040 5211 4037 3651 4938 5456 2246 6092 4832 4565 2622 5514 1993 1025 6661 5387 1138 6162 106 1380 5990 5943 1261 8303 7103 3435 1550 8073 5643 3791 1670 6241 6852 824 2812 5148 6227 2949 4970 1985 5781 6955 2297 7683 9115 7305 2813 6501 9410 7431 7352 3526 8433 4280 5006 8833 985 9762 2654 8727 8188 1638 2944 6402 8636 3150 8828 1503
5 2025 1051 5949 7134 3122 4334 8947 745 4723 7409 4928 2463 3514 3058 2453 5402 1738 9505 9781 8324 3798 56 1046 547 837 1802 8542 7313 6047 8560 1541 5483 5294 5072 5447 7040 5211 4037 3651 4938 5456 2246 6092 4832 4565 2622 5514 1993 1025 6661 5387 1138 6162 106 1380 5990 5943 1261 8303 7103 3435 1550 8073 5643 3791 1670 6241 6852 824 2812 5148 6227 2949 4970 1985 5781 6955 2297 7683 9115 7305 2813 6501 9410 7431 7352 3526 8433 4280 5006 8833 985 9762 2654 8727 8188 1638 2944 6402 8636 3150 8828 1503
6 2025 1051 5949 7134 3122 4334 8947 745 4723 7409 4928 2463 3514 3058 2453 5402 1738 9505 9781 8324 3798 56 1046 547 837 1802 8542 7313 6047 8560 1541 5483 5294 5072 5447 7040 5211 4037 3651 4938 5456 2246 6092 4832 4565 2622 5514 1993 1025 6661 5387 1138 6162 106 1380 5990 5943 1261 8303 7103 3435 1550 8073 5643 3791 1670 6241 6852 824 2812 5148 6227 2949 4970 1985 5781 6955 2297 7683 9115 7305 2813 6501 7431 9410 7352 3526 8433 4280 5006 8833 985 9762 2654 8727 8188 1638 2944 6402 8636 3150 8828 1503
7 2025 1051 5949 7134 3122 4334 8947 745 4723 7409 4928 2463 3514 3058 2453 5402 1738 9505 9781 8324 3798 56 1046 547 837 1802 8542 7313 6047 8560 1541 5483 5294 5072 5447 7040 5211 4037 3651 4938 5456 2246 6092 4832 4565 2622 5514 1993 1025 6661 5387 1138 6162 106 1380 5990 5943 1261 8303 7103 3435 1550 8073 5643 3791 1670 6241 6852 824 2812 5148 6227 2949 4970 1985 5781 6955 2297 9115 7683 7305 2813 6501 7431 9410 7352 3526 8433 4280 5006 8833 985 9762 2654 8727 8188 1638 2944 6402 8636 3150 8828 1503
8 2025 1051 5949 7134 3122 4334 8947 745 4723 7409 4928 2463 3514 3058 2453 5402 1738 9505 9781 8324 3798 56 1046 547 837 1802 8542 7313 6047 8560 1541 5483 5294 5072 5447 7040 5211 4037 3651 4938 2246 5456 6092 4832 4565 2622 5514 1993 1025 6661 5387 1138 6162 106 1380 5990 5943 1261 8303 7103 3435 1550 8073 5643 3791 1670 6241 6852 824 2812 5148 6227 2949 4970 1985 5781 6955 2297 9115 7305 7683 2813 6501 7431 9410 7352 3526 8433 4280 5006 8833 985 9762 2654 8727 8188 1638 2944 6402 8636 3150 8828 1503
9 2025 1051 5949 7134 3122 4334 8947 745 4723 7409 4928 2463 3514 3058 2453 5402 1738 9505 9781 8324 3798 56 1046 547 837 1802 8542 7313 6047 8560 1541 5483 5294 5072 5447 7040 5211 4037 3651 4938 2246 5456 6092 4832 4565 2622 5514 1993 1025 6661 5387 1138 6162 106 1380 5990 5943 1261 8303 7103 3435 1550 8073 5643 3791 1670 6241 6852 824 2812 5148 6227 2949 4970 1985 5781 6955 2297 7305 9115 7683 2813 6501 7431 9410 7352 3526 8433 4280 5006 8833 985 9762 2654 8727 8188 1638 2944 6402 8636 3150 8828 1503
10 2025 1051 5949 7134 3122 4334 8947 745 4723 7409 4928 2463 3514 3058 2453 5402 1738 9505 9781 8324 3798 56 1046 547 837 1802 8542 7313 6047 8560 1541 5483 5294 5072 5447 7040 5211 4037 3651 4938 2246 5456 6092 4832 4565 2622 5514 1993 1025 6661 5387 1138 6162 106 1380 5990 5943 1261 8303 7103 3435 1550 8073 5643 3791 1670 6241 6852 824 2812 5148 6227 2949 4970 1985 5781 6955 2297 7305 9115 7683 2813 6501 7431 9410 7352 3526 8433 4280 5006 8833 985 9762 2654 8727 8188 1638 2944 6402 8636 3150 8828 1503
11 2025 1051 5949 7134 3122 4334 8947 745 4723 7409 4928 2463 3514 3058 2453 5402 1738 9505 9781 8324 3798 56 1046 547 837 1802 8542 7313 6047 8560 1541 5483 5294 5072 5447 7040 5211 4037 3651 4938 2246 5456 6092 4832 4565 2622 5514 1993 1025 6661 5387 1138 6162 106 1380 5990 5943 1261 8303 7103 3435 1550 8073 5643 3791 1670 6241 6852 824 2812 5148 6227 2949 4970 1985 5781 6955 2297 7305 9115 7683 2813 6501 7431 9410 7352 3526 8433 4280 5006 8833 985 9762 2654 8727 8188 1638 2944 6402 8636 3150 8828 1503
12 2025 1051 5949 7134 3122 4334 8947 745 4723 7409 4928 2463 3514 3058 2453 5402 1738 9505 9781 8324 3798 56 1046 547 837 1802 8542 7313 6047 8560 1541 5483 5294 5072 5447 7040 5211 4037 3651 4938 2246 5456 6092 4832 4565 2622 5514 1993 1025 6661 5387 1138 6162 106 1380 5990 5943 1261 8303 7103 3435 1550 8073 5643 3791 1670 6241 6852 824 2812 5148 6227 2949 4970 5781 1985 6955 2297 7305 9115 7683 2813 6501 7431 9410 7352 3526 8433 4280 5006 8833 985 9762 2654 8727 8188 1638 2944 6402 3150 8636 8828 1503
13 2025 1051 5949 7134 3122 4334 8947 745 4723 7409 4928 2463 3514 3058 2453 5402 1738 9505 9781 8324 3798 56 1046 547 837 1802 8542 7313 6047 8560 1541 5483 5294 5072 5447 7040 5211 4037 3651 4938 2246 5456 6092 4832 4565 2622 5514 1993 1025 6661 5387 1138 6162 106 1380 5990 5943 1261 8303 7103 3435 1550 8073 5643 3791 1670 6241 6852 824 2812 5148 6227 2949 4970 5781 1985 6955 2297 7305 9115 7683 2813 6501 7431 9410 7352 3526 8433 4280 5006 8833 985 9762 2654 8727 8188 1638 2944 6402 3150 8636 8828 1503
14 2025 1051 5949 7134 3122 4334 8947 745 4723 7409 4928 2463 3514 3058 2453 5402 1738 9505 9781 8324 3798 56 1046 547 837 1802 8542 7313 6047 8560 1541 5483 5294 5072 5447 7040 5211 4037 3651 4938 2246 5456 6092 4832 4565 2622 5514 1993 1025 6661 1138 5387 6162 106 1380 5990 5943 1261 8303 7103 3435 1550 8073 5643 3791 1670 6241 6852 824 2812 5148 6227 2949 4970 5781 1985 6955 2297 7305 9115 7683 2813 6501 7431 9410 7352 3526 8433 4280 5006 985 8833 9762 2654 8727 8188 1638 2944 6402 3150 8636 8828 1503
15 2025 1051 5949 7134 3122 4334 8947 745 4723 7409 4928 2463 3514 3058 2453 5402 1738 9505 9781 8324 3798 56 1046 547 837 1802 8542 7313 6047 8560 1541 5483 5294 5072 5447 7040 5211 4037 3651 4938 2246 5456 6092 4832 4565 2622 5514 1993 1025 6661 1138 5387 6162 106 1380 5990 5943 1261 8303 7103 3435 1550 8073 5643 3791 1670 6241 6852 824 2812 5148 6227 2949 4970 5781 1985 2297 6955 7305 9115 7683 2813 6501 7431 9410 7352 3526 8433 4280 5006 985 8833 9762 2654 8727 8188 1638 2944 6402 3150 8636 2996
16 2025 1051 5949 7134 3122 4334 8947 745 4723 7409 4928 2463 3514 3058 2453 5402 1738 9505 9781 8324 3798 56 1046 547 837 1802 8542 7313 6047 8560 1541 5483 5294 5072 5447 7040 5211 4037 4938 3651 2246 5456 6092 4832 4565 2622 5514 1993 1025 6661 1138 5387 6162 106 1380 5990 5943 1261 8303 7103 3435 1550 8073 5643 3791 1670 6241 6852 824 2812 5148 6227 2949 4970 5781 1985 2297 7305 6955 9115 7683 2813 6501 7431 9410 7352 3526 8433 4280 5006 985 8833 9762 2654 8727 8188 1638 2944 6402 3150 8636 2996
17 2025 1051 5949 7134 3122 4334 8947 745 4723 7409 4928 2463 3514 3058 2453 5402 1738 9505 9781 8324 3798 56 1046 547 837 1802 8542 7313 6047 8560 1541 5483 5294 5072 5447 7040 5211 4037 4938 3651 2246 5456 6092 4832 4565 2622 5514 1993 1025 6661 1138 5387 6162 106 1380 5990 5943 1261 8303 7103 3435 1550 8073 5643 3791 1670 6241 6852 824 2812 5148 6227 2949 4970 5781 1985 7305 2297 6955 9115 7683 2813 6501 7431 9410 7352 3526 8433 4280 5006 985 8833 9762 2654 8727 8188 1638 2944 6402 3150 8636 2996
18 2025 1051 5949 7134 3122 4334 8947 745 4723 7409 4928 2463 3514 3058 2453 5402 1738 9505 9781 8324 3798 56 1046 547 837 1802 8542 7313 6047 8560 1541 5483 5294 5072 5447 7040 5211 4037 4938 3651 2246 5456 6092 4832 4565 2622 5514 1993 1025 6661 1138 5387 6162 106 1380 5990 5943 1261 8303 7103 3435 1550 8073 5643 3791 1670 6241 6852 2812 824 5148 6227 2949 4970 5781 1985 7305 2297 6955 9115 7683 2813 7431 6501 9410 7352 3526 4280 8433 5006 985 8833 9762 2654 8727 8188 1638 2944 6402 3150 2996 8636
19 2025 1051 5949 7134 3122 4334 8947 745 4723 7409 4928 2463 3514 3058 2453 5402 1738 9505 9781 8324 3798 56 1046 547 837 1802 8542 7313 6047 8560 1541 5483 5294 5072 5447 7040 5211 4037 4938 3651 2246 5456 6092 4832 4565 2622 5514 1993 1025 6661 1138 5387 6162 106 5990 1380 5943 1261 8303 7103 3435 1550 8073 5643 3791 1670 6241 6852 2812 824 5148 6227 2949 4970 5781 1985 7305 2297 6955 9115 7683 2813 7431 6501 9410 7352 3526 4280 8433 5006 985 8833 9762 2654 8727 8188 1638 2944 6402 3150 2996 8636
20 2025 1051 5949 7134 3122 4334 8947 745 4723 7409 4928 2463 3514 3058 2453 5402 1738 9505 9781 8324 3798 56 1046 547 837 1802 8542 7313 6047 8560 1541 5483 5294 5072 5447 7040 5211 4037 4938 3651 2246 5456 6092 4832 4565 2622 5514 1993 1025 6661 1138 5387 6162 106 5990 1380 5943 1261 8303 7103 3435 1550 8073 5643 3791 1670 6241 6852 2812 824 5148 6227 2949 4970 5781 1985 7305 2297 9115 6955 7683 2813 7431 6501 9410 7352 3526 4280 8433 5006 985 8833 9762 2654 8727 8188 1638 2944 6402 3150 2996 8636
21 2025 1051 5949 7134 3122 4334 8947 745 4723 7409 4928 2463 3514 3058 2453 5402 1738 9505 9781 8324 3798 56 1046 547 837 1802 8542 7313 6047 8560 1541 5483 5294 5072 5447 7040 5211 4037 4938 3651 2246 5456 6092 4832 4565 2622 5514 1993 1025 1138 6661 5387 6162 106 5990 1380 5943 1261 8303 7103 3435 1550 8073 5643 3791 1670 6241 6852 2812 824 5148 6227 2949 4970 5781 1985 7305 2297 9115 6955 7683 2813 7431 6501 9410 7352 3526 4280 8433 5006 985 8833 9762 2654 8727 8188 1638 2944 6402 3150 2996 8636
22 2025 1051 5949 7134 3122 4334 8947 745 4723 7409 4928 2463 3514 3058 2453 5402 1738 9505 9781 8324 3798 56 1046 547 837 1802 8542 7313 6047 8560 1541 5483 5294 5072 5447 7040 5211 4037 4938 3651 2246 5456 6092 4832 4565 2622 5514 1993 1025 1138 6661 5387 6162 106 5990 1380 5943 1261 8303 7103 3435 1550 8073 5643 3791 1670 6241 6852 2812 824 5148 6227 2949 4970 5781 1985 7305 2297 9115 6955 2813 7683 7431 6501 9410 7352 3526 4280 8433 5006 985 8833 9762 8727 2654 8188 1638 2944 6402 3150 2996 8636
23 2025 1051 5949 7134 3122 4334 8947 745 4723 7409 4928 2463 3514 3058 2453 5402 1738 9505 9781 8324 3798 56 1046 547 837 1802 8542 7313 8560 6047 1541 5483 5294 5072 5447 7040 5211 4037 4938 3651 2246 5456 6092 4832 4565 2622 5514 1993 1025 1138 6661 5387 6162 106 5990 1380 5943 1261 8303 7103 3435 1550 8073 5643 3791 1670 6241 6852 2812 824 5148 6227 2949 4970 5781 1985 7305 2297 9115 6955 2813 7683 7431 6501 9410 7352 3526 4280 8433 5006 985 8833 9762 8727 2654 8188 1638 2944 6402 3150 2996 8636
24 2025 1051 5949 7134 3122 4334 8947 745 4723 7409 4928 2463 3514 3058 2453 5402 1738 9505 9781 8324 3798 56 1046 547 837 1802 8542 7313 8560 6047 1541 5483 5294 5072 5447 7040 5211 4037 4938 3651 2246 5456 6092 4832 4565 2622 5514 1993 1025 1138 6661 5387 6162 106 5990 1380 5943 1261 8303 7103 3435 1550 8073 5643 3791 1670 6241 6852 2812 824 5148 6227 2949 4970 5781 1985 7305 2297 9115 6955 2813 7683 7431 6501 9410 7352 3526 4280 5006 8433 985 8833 9762 8727 2654 8188 1638 2944 6402 3150 2996 8636
25 2025 1051 5949 7134 3122 4334 8947 745 4723 7409 4928 2463 3514 3058 2453 5402 1738 9505 9781 8324 3798 56 1046 547 837 1802 8542 7313 8560 6047 1541 5483 5294 5072 5447 7040 5211 4037 4938 2246 3651 5456 6092 4832 2622 4565 5514 1993 1025 1138 6661 5387 6162 106 5990 1380 5943 1261 8303 7103 3435 1550 8073 5643 3791 1670 6241 6852 2812 824 5148 6227 2949 4970 5781 1985 7305 2297 9115 6955 2813 7683 7431 9410 6501 7352 3526 5006 4280 8433 985 8833 9762 8727 2654 8188 1638 2944 6402 3150 2996 8636
26 2025 1051 5949 7134 3122 4334 8947 745 4723 7409 4928 2463 3514 3058 2453 5402 1738 9505 9781 8324 3798 56 1046 547 837 1802 8542 7313 8560 6047 1541 5483 5294 5072 5447 7040 5211 4037 4938 2246 3651 5456 6092 4832 2622 4565 5514 1993 1025 1138 6661 5387 6162 106 5990 1380 1261 5943 8303 7103 3435 1550 8073 5643 3791 1670 6241 6852 2812 824 5148 6227 2949 4970 5781 1985 7305 2297 9115 6955 2813 7683 7431 9410 6501 7352 3526 5006 4280 8433 985 8833 9762 8727 2654 8188 1638 2944 6402 3150 2996 8636
27 2025 1051 5949 7134 3122 4334 8947 745 4723 7409 4928 2463 3514 3058 2453 5402 1738 9505 9781 8324 3798 56 1046 547 837 1802 8542 7313 8560 6047 1541 5483 5294 5072 5447 7040 5211 4037 4938 2246 3651 5456 6092 4832 2622 4565 5514 1993 1138 1025 6661 5387 6162 106 5990 1380 1261 5943 8303 7103 3435 1550 8073 5643 3791 1670 6241 6852 2812 824 5148 6227 2949 4970 5781 1985 7305 2297 9115 6955 2813 7683 7431 9410 6501 7352 3526 5006 4280 8433 985 8833 9762 8727 2654 8188 1638 2944 6402 3150 2996 8636
28 2025 1051 5949 7134 3122 4334 8947 745 4723 7409 4928 2463 3514 3058 2453 5402 1738 9505 9781 8324 3798 56 1046 547 837 1802 8542 7313 8560 6047 1541 5483 5294 5072 5447 7040 5211 4037 4938 2246 3651 5456 6092 4832 2622 4565 5514 1993 1138 1025 6661 5387 6162 106 5990 1380 1261 5943 8303 7103 3435 1550 8073 5643 3791 1670 6241 6852 2812 824 5148 6227 2949 4970 5781 1985 7305 2297 9115 2813 6955 7683 7431 9410 7352 6501 3526 5006 4280 8433 985 8833 9762 8727 2654 8188 1638 2944 6402 3150 2996 8636
29 2025 1051 5949 7134 3122 4334 8947 745 4723 7409 4928 2463 3514 3058 2453 5402 1738 9505 9781 8324 3798 56 547 1046 837 1802 8542 7313 8560 6047 1541 5483 5294 5072 5447 7040 5211 4037 4938 2246 3651 5456 6092 4832 2622 4565 5514 1993 1138 1025 6661 5387 6162 106 5990 1380 1261 5943 8303 7103 3435 1550 8073 5643 3791 1670 6241 6852 2812 824 5148 6227 2949 4970 5781 1985 7305 2297 9115 2813 6955 7683 7431 9410 7352 6501 3526 5006 4280 8433 985 8833 9762 8727 2654 8188 1638 2944 6402 3150 2996 8636
30 2025 1051 5949 7134 3122 4334 8947 745 4723 7409 4928 2463 3514 3058 2453 5402 1738 9505 9781 8324 3798 56 547 1046 837 1802 8542 7313 8560 6047 1541 5483 5294 5072 5447 7040 5211 4037 4938 2246 3651 5456 6092 4832 2622 4565 5514 1993 1138 1025 6661 5387 6162 106 5990 1380 1261 5943 8303 7103 3435 1550 8073 5643 3791 1670 6241 6852 2812 824 5148 6227 2949 4970 5781 7305 1985 2297 9115 2813 6955 7683 7431 7352 9410 6501 3526 5006 4280 8433 985 8833 9762 8727 2654 8188 1638 2944 6402 3150 2996 8636
31 2025 1051 5949 7134 3122 4334 8947 745 4723 7409 4928 2463 3514 3058 2453 5402 1738 9505 9781 8324 3798 56 547 1046 837 1802 8542 7313 8560 6047 1541 5483 5294 5072 5447 7040 5211 4037 4938 2246 3651 5456 6092 4832 2622 4565 5514 1993 1138 1025 6661 5387 6162 106 5990 1380 1261 5943 8303 7103 3435 1550 8073 5643 3791 6241 1670 6852 2812 824 5148 6227 2949 5781 4970 7305 1985 2297 9115 2813 6955 7683 7431 7352 9410 6501 3526 5006 4280 8433 985 8833 9762 8727 2654 8188 1638 2944 6402 3150 2996 8636
32 2025 1051 5949 7134 3122 4334 8947 745 4723 7409 4928 2463 3514 3058 2453 5402 1738 9505 9781 8324 3798 56 547 1046 837 1802 8542 7313 8560 6047 1541 5483 5294 5447 5072 7040 5211 4037 4938 2246 3651 5456 6092 4832 2622 4565 5514 1993 1138 1025 6661 5387 6162 106 5990 1380 1261 5943 8303 7103 3435 1550 8073 5643 3791 6241 1670 6852 2812 824 5148 6227 2949 5781 4970 7305 1985 2297 9115 2813 6955 7683 7431 7352 9410 6501 3526 5006 4280 8433 985 8833 9762 8727 2654 8188 1638 2944 6402 3150 2996 8636
33 2025 1051 5949 7134 3122 4334 8947 745 4723 7409 4928 2463 3514 3058 2453 5402 1738 9505 9781 8324 3798 56 547 1046 837 1802 8542 7313 8560 6047 1541 5483 5294 5447 5072 7040 5211 4037 4938 2246 3651 5456 6092 4832 2622 4565 5514 1993 1138 1025 6661 5387 6162 106 5990 1380 1261 5943 8303 7103 3435 1550 8073 5643 3791 6241 1670 6852 2812 824 5148 6227 2949 5781 4970 7305 1985 2297 2813 9115 6955 7683 7431 7352 9410 6501 3526 5006 4280 8433 985 9762 8833 8727 2654 8188 1638 2944 6402 3150 2996 8636
34 2025 1051 5949 7134 3122 4334 8947 745 4723 7409 4928 2463 3514 3058 2453 5402 1738 9505 9781 8324 3798 56 547 1046 837 1802 8542 7313 8560 6047 1541 5483 5294 5447 5072 7040 5211 4037 4938 2246 3651 5456 6092 4832 2622 4565 5514 1993 1138 1025 6661 5387 6162 106 5990 1380 1261 5943 8303 7103 3435 1550 8073 5643 3791 6241 1670 6852 2812 824 5148 6227 2949 5781 4970 7305 2297 1985 2813 9115 6955 7683 7431 7352 9410 6501 3526 5006 4280 8433 985 9762 8833 8727 2654 8188 1638 2944 6402 3150 2996 8636
35 2025 1051 5949 7134 3122 4334 8947 745 4723 7409 4928 2463 3514 3058 2453 5402 1738 9505 9781 8324 3798 56 547 1046 837 1802 8542 7313 8560 6047 1541 5483 5294 5447 5072 7040 5211 4037 4938 2246 3651 5456 6092 4832 2622 4565 5514 1993 1138 6661 1025 5387 6162 106 5990 1261 1380 5943 8303 7103 3435 1550 8073 5643 3791 6241 1670 6852 2812 824 5148 6227 2949 5781 4970 7305 2297 1985 2813 9115 6955 7683 7431 7352 9410 6501 3526 5006 4280 8433 985 9762 8833 8727 8188 2654 1638 2944 6402 3150 2996 8636
36 2025 1051 5949 7134 3122 4334 8947 745 4723 7409 4928 2463 3514 3058 2453 5402 1738 9505 9781 8324 3798 56 547 1046 837 1802 8542 7313 8560 6047 1541 5483 5294 5447 5072 7040 5211 4037 4938 2246 3651 5456 6092 4832 2622 4565 5514 1993 1138 6661 1025 5387 6162 106 5990 1261 1380 8303 5943 7103 3435 1550 8073 5643 3791 6241 1670 6852 2812 824 5148 6227 2949 5781 4970 7305 2297 2813 1985 9115 6955 7683 7431 7352 9410 6501 3526 5006 4280 8433 985 9762 8833 8727 8188 2654 1638 2944 6402 3150 2996 8636
37 2025 1051 5949 7134 3122 4334 8947 745 4723 7409 4928 2463 3514 3058 2453 5402 1738 9505 9781 8324 3798 56 547 1046 837 1802 8542 7313 8560 6047 1541 5483 5294 5447 5072 7040 5211 4037 4938 2246 3651 5456 6092 4832 2622 4565 5514 1138 1993 6661 1025 5387 6162 106 5990 1261 1380 8303 5943 7103 3435 1550 8073 5643 3791 6241 1670 6852 2812 824 5148 6227 2949 5781 4970 7305 2297 2813 1985 9115 6955 7683 7431 7352 9410 6501 3526 5006 4280 8433 985 9762 8833 8727 8188 2654 1638 2944 6402 3150 2996 8636
38 2025 1051 5949 7134 3122 4334 8947 745 4723 7409 4928 2463 3514 3058 2453 5402 1738 9505 9781 8324 3798 56 547 1046 837 1802 8542 7313 8560 6047 1541 5483 5294 5447 5072 7040 5211 4037 4938 2246 5456 3651 6092 4832 2622 4565 5514 1138 1993 6661 1025 5387 6162 106 5990 1261 1380 8303 5943 7103 3435 1550 8073 5643 3791 6241 1670 6852 2812 824 5148 6227 2949 5781 4970 7305 2297 2813 1985 9115 6955 7683 7431 7352 9410 6501 3526 5006 4280 8433 985 9762 8833 8727 8188 2654 1638 2944 6402 3150 2996 8636
39 2025 1051 5949 7134 3122 4334 8947 745 4723 7409 4928 2463 3514 3058 2453 5402 1738 9505 9781 8324 3798 56 547 1046 837 1802 8542 7313 8560 6047 5483 1541 5294 5447 5072 7040 5211 4037 4938 2246 5456 3651 6092 4832 2622 4565 5514 1138 1993 6661 1025 5387 6162 106 5990 1261 1380 8303 5943 7103 3435 1550 8073 5643 3791 6241 1670 6852 2812 824 5148 6227 2949 5781 4970 7305 2297 2813 1985 9115 6955 7683 7431 7352 9410 6501 3526 5006 4280 8433 985 9762 8833 8727 8188 2654 1638 2944 3150 6402 2996 8636
40 2025 1051 5949 7134 3122 4334 8947 745 4723 7409 4928 2463 3514 3058 2453 5402 1738 9505 9781 8324 3798 56 547 1046 837 1802 8542 7313 8560 6047 5483 1541 5294 5447 5072 7040 5211 4037 4938 2246 5456 3651 6092 4832 2622 4565 5514 1138 1993 6661 1025 5387 6162 106 1261 5990 1380 8303 5943 7103 3435 1550 8073 5643 3791 6241 1670 6852 2812 824 5148 6227 2949 5781 4970 7305 2813 2297 9115 1985 6955 7683 7352 7431 9410 6501 3526 5006 4280 8433 985 9762 8833 8727 8188 2654 1638 2944 3150 6402 2996 8636
41 2025 1051 5949 7134 3122 4334 8947 745 4723 7409 4928 2463 3514 3058 2453 5402 1738 9505 9781 8324 3798 56 547 1046 837 1802 8542 7313 8560 6047 5483 1541 5294 5447 5072 7040 5211 4037 4938 2246 5456 3651 6092 4832 2622 4565 5514 1138 1993 6661 1025 5387 6162 106 1261 5990 1380 8303 5943 7103 3435 1550 8073 5643 3791 6241 1670 6852 2812 824 5148 6227 2949 5781 4970 7305 2813 2297 9115 1985 6955 7683 7352 7431 9410 6501 3526 5006 4280 8433 985 9762 8833 8727 8188 2654 1638 2944 3150 6402 2996 8636
42 2025 1051 5949 7134 3122 4334 8947 745 4723 7409 4928 2463 3514 3058 2453 5402 1738 9505 9781 8324 3798 56 547 837 1046 1802 8542 7313 8560 6047 5483 1541 5294 5447 5072 7040 5211 4037 4938 2246 5456 6092 3651 4832 2622 4565 5514 1138 1993 6661 1025 5387 6162 106 1261 5990 1380 8303 5943 3435 7103 1550 8073 5643 3791 6241 1670 6852 2812 824 5148 6227 2949 5781 4970 7305 2813 2297 9115 1985 6955 7683 7352 7431 9410 6501 3526 5006 4280 8433 985 9762 8833 8727 8188 2654 1638 2944 3150 6402 2996 8636
43 2025 1051 5949 7134 3122 4334 8947 745 4723 7409 4928 2463 3514 3058 2453 5402 1738 9505 9781 8324 3798 56 547 837 1046 1802 8542 7313 8560 6047 5483 1541 5294 5447 5072 7040 5211 4037 4938 2246 5456 6092 3651 4832 2622 4565 5514 1138 1993 6661 1025 5387 6162 106 1261 5990 1380 8303 5943 3435 7103 1550 8073 5643 3791 6241 1670 6852 2812 824 5148 6227 2949 5781 4970 7305 2813 2297 9115 1985 6955 7683 7352 7431 9410 6501 3526 5006 4280 8433 985 9762 8833 8727 8188 2654 1638 2944 3150 6402 2996 8636
44 2025 1051 5949 7134 3122 4334 8947 745 4723 7409 4928 2463 3514 3058 2453 5402 1738 9505 9781 8324 3798 56 547 837 1046 1802 8542 7313 8560 6047 5483 1541 5294 5447 5072 7040 5211 4037 4938 2246 5456 6092 3651 4832 2622 4565 5514 1138 1993 6661 1025 5387 6162 106 1261 5990 1380 8303 5943 3435 7103 1550 8073 5643 3791 6241 1670 6852 2812 824 5148 6227 2949 5781 4970 7305 2813 2297 9115 1985 6955 7683 7352 7431 9410 6501 3526 5006 4280 8433 985 9762 8833 8727 8188 2654 1638 2944 3150 6402 2996 8636
45 2025 1051 5949 7134 3122 4334 8947 745 4723 7409 4928 2463 3514 3058 2453 5402 1738 9505 9781 8324 3798 56 547 837 1046 1802 8542 7313 8560 6047 5483 1541 5294 5447 5072 7040 5211 4037 4938 2246 5456 6092 3651 4832 2622 4565 5514 1138 1993 6661 1025 5387 6162 106 1261 5990 8303 1380 5943 3435 7103 1550 8073 5643 3791 6241 1670 6852 2812 824 5148 6227 2949 5781 4970 7305 2813 2297 9115 1985 6955 7683 7352 7431 9410 6501 3526 5006 4280 8433 985 9762 8833 8727 8188 2654 1638 2944 3150 6402 2996 8636
46 2025 1051 5949 7134 3122 4334 8947 745 4723 7409 4928 2463 3514 3058 2453 5402 1738 9505 9781 8324 3798 56 547 837 1046 1802 8542 7313 8560 6047 5483 1541 5294 5447 5072 7040 5211 4037 4938 2246 5456 6092 3651 2622 4832 4565 5514 1138 1993 6661 1025 5387 6162 106 1261 5990 8303 1380 5943 3435 7103 1550 8073 5643 3791 6241 1670 6852 2812 824 5148 6227 2949 5781 4970 7305 2813 2297 9115 1985 6955 7352 7683 7431 9410 6501 3526 5006 4280 8433 985 9762 8833 8727 8188 2654 1638 2944 3150 6402 2996 8636
47 2025 1051 5949 7134 3122 4334 8947 745 4723 7409 4928 2463 3514 3058 2453 5402 1738 9505 9781 8324 3798 56 547 837 1046 1802 8542 7313 8560 6047 5483 1541 5294 5447 5072 7040 4037 5211 4938 2246 5456 6092 3651 2622 4832 4565 5514 1138 1993 6661 1025 5387 6162 106 1261 5990 8303 1380 5943 3435 7103 1550 8073 5643 3791 6241 1670 6852 2812 824 5148 6227 2949 5781 4970 7305 2813 2297 9115 1985 6955 7352 7683 7431 9410 6501 3526 5006 4280 8433 985 9762 8833 8727 8188 2654 1638 2944 3150 6402 2996 8636
48 2025 1051 5949 7134 3122 4334 8947 745 4723 7409 4928 2463 3514 3058 2453 5402 1738 9505 9781 8324 3798 56 547 837 1046 1802 8542 7313 8560 6047 5483 1541 5294 5447 5072 7040 4037 5211 4938 2246 6092 5456 3651 2622 4832 4565 5514 1138 1993 6661 1025 5387 6162 1261 106 5990 8303 1380 5943 3435 7103 1550 8073 5643 3791 6241 1670 6852 2812 824 5148 6227 2949 5781 4970 7305 2813 2297 9115 1985 6955 7352 7683 7431 9410 6501 3526 5006 4280 8433 985 9762 8833 8727 8188 2654 1638 2944 3150 6402 2996 8636
49 2025 1051 5949 7134 3122 4334 8947 745 4723 7409 4928 2463 3514 3058 2453 5402 1738 9505 9781 8324 3798 56 547 837 1046 1802 8542 7313 8560 6047 5483 1541 5294 5447 5072 4037 7040 5211 4938 2246 6092 5456 3651 2622 4832 4565 5514 1138 6661 1993 1025 5387 6162 1261 106 5990 8303 1380 5943 3435 7103 1550 8073 5643 3791 6241 1670 6852 2812 824 5148 6227 2949 5781 4970 7305 2813 2297 9115 1985 6955 7352 7431 7683 9410 6501 3526 5006 4280 8433 985 9762 8833 8727 8188 2654 1638 2944 3150 2996 6402 8714
50 2025 1051 5949 7134 3122 4334 8947 745 4723 7409 4928 2463 3514 3058 2453 5402 1738 9505 9781 8324 3798 56 547 837 1046 1802 8542 7313 8560 6047 5483 1541 5294 5447 5072 4037 5211 7040 4938 2246 6092 5456 3651 2622 4832 4565 5514 1138 6661 1993 1025 5387 6162 1261 106 5990 8303 1380 5943 3435 7103 1550 8073 5643 3791 6241 1670 6852 2812 824 5148 6227 2949 5781 4970 7305 2813 2297 9115 1985 6955 7352 7431 7683 9410 6501 3526 5006 4280 8433 985 9762 8833 8727 8188 2654 1638 2944 3150 2996 6402 8714
51 2025 1051 5949 7134 3122 4334 8947 745 4723 7409 4928 2463 3514 3058 2453 5402 1738 9505 9781 8324 3798 56 547 837 1046 1802 8542 7313 8560 6047 5483 1541 5294 5447 5072 4037 5211 7040 4938 2246 6092 5456 3651 2622 4832 4565 5514 1138 6661 1993 1025 5387 6162 1261 106 5990 8303 1380 5943 3435 7103 1550 8073 5643 3791 6241 1670 6852 2812 824 5148 6227 2949 5781 4970 7305 2813 2297 9115 1985 6955 7352 7431 7683 9410 6501 3526 5006 4280 8433 985 9762 8727 8833 8188 2654 1638 2944 3150 2996 6402 8714
52 2025 1051 5949 7134 3122 4334 8947 745 4723 7409 4928 2463 3058 3514 2453 5402 1738 9505 9781 8324 3798 56 547 837 1046 1802 8542 7313 8560 6047 5483 1541 5294 5447 5072 4037 5211 7040 4938 2246 6092 5456 3651 2622 4832 4565 5514 1138 6661 1993 1025 5387 6162 1261 106 5990 8303 1380 5943 3435 7103 1550 8073 5643 3791 6241 1670 6852 2812 824 5148 6227 2949 5781 4970 7305 2813 2297 9115 1985 6955 7352 7431 7683 9410 6501 3526 5006 4280 8433 985 9762 8727 8833 8188 2654 1638 2944 3150 2996 6402 8714
53 2025 1051 5949 7134 3122 4334 8947 745 4723 7409 4928 2463 3058 3514 2453 5402 1738 9505 9781 8324 3798 56 547 837 1046 1802 8542 7313 8560 6047 5483 1541 5294 5447 5072 4037 5211 7040 4938 2246 6092 5456 3651 2622 4832 4565 5514 1138 6661 1993 1025 5387 6162 1261 106 5990 8303 1380 5943 3435 7103 1550 8073 5643 3791 6241 1670 6852 2812 824 5148 6227 2949 5781 4970 7305 2813 2297 9115 1985 6955 7352 7431 7683 9410 6501 3526 5006 4280 8433 985 9762 8727 8833 8188 2654 1638 2944 3150 2996 6402 8714
54 2025 1051 5949 7134 3122 4334 8947 745 4723 7409 4928 2463 3058 3514 2453 5402 1738 9505 9781 8324 3798 56 837 547 1046 1802 8542 7313 8560 6047 5483 1541 5294 5447 5072 4037 5211 7040 4938 2246 6092 5456 3651 2622 4832 4565 5514 1138 6661 1993 1025 5387 6162 1261 106 5990 8303 1380 5943 3435 7103 1550 8073 5643 3791 6241 1670 6852 2812 824 5148 6227 2949 5781 4970 7305 2813 2297 9115 1985 6955 7352 7431 7683 9410 6501 3526 5006 4280 985 8433 9762 8727 8833 8188 2654 1638 2944 3150 2996 6402 8714
55 2025 1051 5949 7134 3122 4334 8947 745 4723 7409 4928 2463 3058 3514 2453 5402 1738 9505 9781 3798 8324 56 837 547 1046 1802 8542 7313 8560 6047 5483 1541 5294 5447 5072 4037 5211 7040 4938 2246 6092 5456 3651 2622 4832 4565 5514 1138 6661 1993 1025 5387 6162 1261 106 5990 8303 1380 5943 3435 7103 1550 8073 5643 3791 6241 1670 6852 2812 824 5148 6227 2949 5781 4970 2813 7305 2297 9115 1985 6955 7352 7431 7683 9410 6501 3526 5006 4280 985 8433 9762 8727 8833 8188 2654 1638 2944 3150 2996 6402 8714
56 2025 1051 5949 7134 3122 4334 8947 745 4723 7409 4928 2463 3058 3514 2453 5402 1738 9505 9781 3798 8324 56 837 547 1046 1802 8542 7313 8560 6047 5483 1541 5294 5447 5072 4037 5211 7040 4938 2246 6092 5456 3651 2622 4832 4565 5514 1138 6661 1993 1025 5387 6162 1261 106 5990 8303 1380 5943 3435 7103 1550 8073 5643 6241 3791 1670 6852 2812 824 5148 6227 2949 5781 4970 2813 7305 2297 9115 1985 7352 6955 7431 7683 9410 6501 3526 5006 4280 985 8433 9762 8727 8833 8188 2654 1638 2944 3150 2996 6402 8714
57 2025 1051 5949 7134 3122 4334 8947 745 4723 7409 4928 2463 3058 3514 2453 5402 1738 9505 9781 3798 8324 56 837 547 1046 1802 8542 7313 8560 6047 5483 1541 5447 5294 5072 4037 5211 7040 4938 2246 6092 5456 2622 3651 4832 4565 5514 1138 6661 1993 1025 5387 6162 1261 106 8303 5990 1380 5943 3435 7103 1550 8073 5643 6241 3791 1670 6852 2812 824 5148 6227 2949 5781 4970 2813 7305 2297 9115 1985 7352 6955 7431 9410 7683 6501 3526 5006 4280 985 8433 9762 8727 8833 8188 2654 1638 2944 3150 2996 6402 8714
58 2025 1051 5949 7134 3122 4334 8947 745 4723 7409 4928 2463 3058 3514 2453 5402 1738 9505 9781 3798 8324 56 837 547 1046 1802 8542 7313 8560 6047 5483 1541 5447 5294 5072 4037 5211 7040 4938 2246 6092 5456 2622 3651 4832 4565 5514 1138 6661 1993 1025 5387 6162 1261 106 8303 5990 1380 5943 3435 7103 1550 8073 5643 6241 3791 1670 6852 2812 824 5148 6227 2949 5781 4970 2813 7305 2297 9115 1985 7352 6955 7431 9410 7683 6501 3526 5006 4280 985 8433 9762 8727 8833 8188 2654 1638 2944 3150 2996 6402 8714
59 2025 1051 5949 7134 3122 4334 8947 745 4723 7409 4928 2463 3058 3514 2453 5402 1738 9505 9781 3798 8324 56 837 547 1046 1802 8542 7313 8560 6047 5483 1541 5447 5294 5072 4037 5211 7040 4938 2246 6092 5456 2622 3651 4832 4565 5514 1138 6661 1993 1025 5387 6162 1261 106 8303 5990 1380 5943 3435 7103 1550 8073 5643 6241 3791 1670 6852 2812 824 5148 6227 2949 5781 4970 2813 7305 2297 9115 1985 7352 6955 7431 9410 7683 6501 3526 5006 4280 985 8433 9762 8727 8833 8188 2654 1638 3150 2944 2996 6402 8714
60 2025 1051 5949 7134 3122 4334 8947 745 4723 7409 4928 2463 3058 3514 2453 5402 1738 9505 9781 3798 8324 56 837 547 1046 1802 8542 7313 8560 6047 5483 1541 5447 5294 5072 4037 5211 7040 4938 2246 6092 5456 2622 3651 4832 4565 5514 1138 6661 1993 1025 5387 6162 1261 106 8303 5990 1380 5943 3435 7103 8073 1550 5643 6241 3791 1670 6852 2812 824 5148 6227 5781 2949 4970 2813 7305 2297 9115 1985 7352 6955 7431 9410 7683 6501 3526 5006 4280 985 8433 9762 8727 8833 8188 2654 1638 3150 2944 2996 6402 8714
61 2025 1051 5949 7134 3122 4334 8947 745 4723 7409 4928 2463 3058 3514 2453 5402 1738 9505 9781 3798 8324 56 837 547 1046 1802 8542 7313 8560 6047 5483 1541 5447 5294 5072 4037 5211 4938 7040 2246 6092 5456 2622 4832 3651 4565 5514 1138 6661 1993 1025 5387 6162 1261 8303 106 5990 1380 5943 3435 7103 8073 1550 5643 6241 3791 1670 6852 2812 824 5148 6227 5781 2949 2813 4970 7305 2297 9115 7352 1985 6955 7431 9410 7683 6501 3526 5006 4280 985 8433 9762 8727 8833 8188 2654 1638 3150 2944 2996 6402 8714
62 2025 1051 5949 7134 3122 4334 8947 745 4723 7409 4928 2463 3058 3514 2453 5402 1738 9505 9781 3798 8324 56 837 547 1046 1802 8542 7313 8560 6047 5483 1541 5447 5294 5072 4037 5211 4938 7040 2246 6092 5456 2622 4832 3651 4565 5514 1138 6661 1993 1025 5387 1261 6162 8303 106 5990 1380 5943 3435 7103 8073 1550 5643 6241 3791 1670 6852 2812 824 5148 6227 5781 2949 2813 4970 7305 2297 9115 7352 1985 6955 7431 9410 7683 3526 6501 5006 985 4280 8433 9762 8727 8833 8188 2654 1638 3150 2944 2996 6402 8714
63 2025 1051 5949 7134 3122 4334 8947 745 4723 7409 4928 2463 3058 3514 2453 5402 1738 9505 9781 3798 8324 56 837 547 1046 1802 8542 7313 8560 6047 5483 1541 5447 5294 5072 4037 5211 4938 7040 2246 6092 5456 2622 4832 3651 4565 5514 1138 6661 1993 1025 5387 1261 6162 8303 106 5990 1380 5943 3435 7103 8073 1550 5643 6241 3791 1670 6852 2812 824 5148 6227 5781 2949 2813 4970 7305 2297 9115 7352 1985 7431 6955 9410 7683 3526 6501 5006 985 4280 8433 9762 8727 8833 8188 2654 1638 3150 2944 2996 6402 8714
64 2025 1051 5949 7134 3122 8947 4334 745 4723 7409 4928 2463 3058 3514 2453 5402 1738 9505 9781 3798 8324 56 837 547 1046 1802 8542 7313 8560 6047 5483 1541 5447 5294 5072 4037 5211 4938 7040 2246 6092 5456 2622 4832 3651 4565 5514 1138 6661 1993 1025 5387 1261 6162 8303 106 5990 1380 5943 3435 7103 8073 1550 5643 6241 3791 1670 6852 2812 824 5148 6227 5781 2949 2813 4970 7305 2297 9115 7352 1985 7431 6955 9410 7683 3526 6501 5006 985 4280 8433 9762 8727 8833 8188 2654 1638 3150 2944 2996 6402 8714
65 2025 1051 5949 7134 3122 8947 4334 745 4723 7409 4928 2463 3058 3514 2453 5402 1738 9505 9781 3798 8324 56 837 547 1046 1802 8542 7313 8560 6047 5483 1541 5447 5294 5072 4037 5211 4938 7040 2246 6092 5456 2622 4832 4565 3651 5514 1138 6661 1993 1025 5387 1261 6162 8303 106 5990 1380 5943 3435 7103 8073 1550 5643 6241 3791 1670 6852 2812 824 5148 6227 5781 2949 2813 7305 4970 2297 9115 7352 1985 7431 6955 9410 7683 3526 6501 5006 985 4280 8433 9762 8727 8833 8188 2654 1638 3150 2944 2996 6402 8714
66 2025 1051 5949 7134 3122 8947 4334 745 4723 7409 4928 2463 3058 3514 2453 5402 1738 9505 9781 3798 8324 56 837 547 1046 1802 8542 7313 8560 6047 5483 1541 5447 5294 5072 4037 5211 4938 7040 2246 6092 5456 2622 4832 4565 3651 5514 1138 6661 1993 1025 5387 1261 6162 8303 106 5990 1380 5943 3435 7103 8073 1550 5643 6241 3791 1670 6852 2812 824 5148 6227 5781 2949 2813 7305 4970 2297 9115 7352 1985 7431 6955 9410 7683 3526 6501 5006 985 4280 8433 9762 8727 8833 8188 2654 1638 3150 2944 2996 6402 8714
67 2025 1051 5949 7134 3122 8947 4334 745 4723 7409 4928 2463 3058 3514 2453 5402 1738 9505 9781 3798 8324 56 837 547 1046 1802 8542 7313 8560 6047 5483 1541 5447 5294 5072 4037 5211 4938 7040 2246 6092 5456 2622 4832 4565 3651 5514 1138 6661 1993 1025 5387 1261 6162 8303 106 5990 1380 5943 3435 7103 8073 1550 5643 6241 3791 1670 6852 2812 824 5148 6227 5781 2949 2813 7305 4970 2297 9115 7352 7431 1985 6955 9410 7683 3526 6501 5006 985 4280 8433 8727 9762 8833 8188 2654 1638 3150 2944 2996 6402 8714
68 2025 1051 5949 7134 3122 8947 4334 745 4723 7409 4928 2463 3058 3514 2453 5402 1738 9505 9781 3798 8324 56 837 547 1046 1802 8542 7313 8560 6047 5483 1541 5447 5294 5072 4037 5211 4938 7040 2246 6092 5456 2622 4832 4565 3651 5514 1138 6661 1993 1025 5387 1261 6162 8303 5990 106 1380 5943 3435 7103 8073 1550 5643 6241 3791 1670 6852 2812 824 5148 6227 5781 2949 2813 7305 4970 2297 9115 7352 7431 1985 6955 9410 3526 7683 5006 6501 985 4280 8433 8727 9762 8833 8188 2654 1638 3150 2944 2996 6402 8714
69 2025 1051 5949 7134 3122 8947 4334 745 4723 7409 4928 2463 3058 3514 2453 5402 1738 9505 9781 3798 8324 56 837 547 1046 1802 8542 7313 8560 6047 5483 1541 5447 5294 5072 4037 5211 4938 7040 2246 6092 5456 2622 4832 4565 3651 5514 1138 6661 1993 1025 5387 1261 6162 8303 5990 106 1380 5943 3435 7103 8073 1550 5643 6241 3791 1670 6852 2812 824 5148 6227 5781 2949 2813 7305 4970 2297 9115 7352 7431 1985 6955 9410 3526 7683 5006 6501 985 4280 8433 8727 9762 8833 8188 2654 1638 3150 2944 2996 6402 8714
70 2025 1051 5949 7134 3122 8947 4334 745 4723 7409 4928 2463 3058 3514 2453 5402 1738 9505 9781 3798 8324 56 837 547 1046 1802 8542 7313 8560 6047 5483 1541 5447 5294 5072 4037 5211 4938 7040 2246 6092 5456 2622 4832 4565 3651 5514 1138 6661 1993 1025 5387 1261 6162 8303 5990 106 1380 5943 3435 7103 8073 1550 5643 6241 3791 1670 6852 2812 824 5148 6227 5781 2949 2813 7305 4970 2297 9115 7352 7431 1985 6955 9410 3526 5006 7683 6501 985 4280 8433 8727 9762 8833 8188 2654 1638 3150 2944 2996 6402 8714
71 2025 1051 5949 7134 3122 8947 4334 745 4723 7409 4928 2463 3058 3514 2453 5402 1738 9505 9781 3798 8324 56 837 547 1046 1802 7313 8542 8560 6047 5483 1541 5447 5294 5072 4037 4938 5211 7040 2246 6092 5456 2622 4832 4565 3651 5514 1138 6661 1025 1993 5387 1261 6162 8303 5990 106 1380 5943 3435 7103 8073 1550 5643 6241 3791 1670 6852 2812 824 5148 6227 5781 2949 2813 7305 4970 2297 9115 7352 7431 1985 6955 9410 3526 5006 7683 6501 985 4280 8433 8727 9762 8833 8188 2654 3150 1638 2944 2996 6402 8714
72 2025 1051 5949 7134 3122 8947 4334 745 4723 7409 4928 2463 3058 3514 2453 5402 1738 9505 9781 3798 8324 56 837 547 1046 1802 7313 8542 8560 6047 5483 1541 5447 5294 5072 4037 4938 5211 7040 2246 6092 5456 2622 4832 4565 3651 5514 1138 6661 1025 1993 5387 1261 6162 8303 5990 106 1380 5943 3435 7103 8073 1550 5643 6241 3791 1670 6852 2812 824 5148 6227 5781 2949 2813 7305 4970 2297 9115 7352 7431 1985 6955 9410 3526 5006 7683 6501 985 4280 8433 8727 9762 8833 8188 2654 3150 1638 2944 2996 6402 8714
73 2025 1051 5949 7134 3122 8947 4334 745 4723 7409 4928 2463 3058 3514 2453 5402 1738 9505 9781 3798 8324 56 837 547 1046 1802 7313 8542 8560 6047 5483 1541 5447 5294 5072 4037 4938 5211 7040 2246 6092 2622 5456 4832 4565 3651 5514 1138 6661 1025 1993 5387 1261 6162 8303 5990 106 1380 5943 3435 7103 8073 1550 5643 6241 3791 1670 6852 2812 824 5148 6227 5781 2949 2813 7305 4970 2297 9115 7352 7431 1985 6955 9410 3526 5006 7683 6501 985 4280 8433 8727 9762 8833 8188 2654 3150 1638 2944 2996 6402 8714
74 2025 1051 5949 7134 3122 8947 4334 745 4723 7409 4928 2463 3058 3514 2453 5402 1738 9505 9781 3798 8324 56 837 547 1046 1802 7313 8542 8560 6047 5483 1541 5447 5294 5072 4037 4938 5211 7040 2246 6092 2622 5456 4832 4565 3651 5514 1138 6661 1025 1993 1261 5387 6162 8303 5990 106 1380 5943 3435 7103 8073 1550 5643 6241 3791 1670 6852 2812 824 5148 6227 5781 2949 2813 7305 4970 2297 9115 7352 7431 1985 9410 6955 3526 5006 6501 7683 985 4280 8433 8727 9762 8833 8188 2654 3150 1638 2944 2996 6402 8714
75 2025 1051 5949 7134 3122 8947 4334 745 4723 7409 4928 2463 3058 3514 2453 5402 1738 9505 9781 3798 8324 56 837 547 1046 1802 7313 8542 8560 6047 5483 5447 1541 5294 5072 4037 4938 5211 7040 2246 6092 2622 5456 4832 4565 3651 5514 1138 6661 1025 1993 1261 5387 6162 8303 5990 106 1380 5943 3435 7103 8073 1550 5643 6241 3791 1670 6852 2812 824 5148 6227 5781 2949 2813 7305 4970 2297 9115 7352 7431 1985 9410 6955 5006 3526 6501 7683 985 4280 8433 8727 9762 8833 8188 2654 3150 1638 2944 2996 6402 8714
76 2025 1051 5949 7134 3122 8947 4334 745 4723 7409 4928 2463 3058 3514 2453 5402 1738 9505 9781 3798 8324 56 837 547 1046 1802 7313 8542 8560 5483 6047 5447 1541 5294 5072 4037 4938 5211 7040 2246 6092 2622 5456 4832 4565 3651 5514 1138 6661 1025 1993 1261 5387 6162 8303 5990 106 1380 5943 3435 7103 8073 1550 5643 6241 3791 1670 6852 2812 824 5148 6227 5781 2949 2813 7305 4970 2297 9115 7352 7431 9410 1985 6955 5006 3526 6501 7683 985 4280 8433 8727 9762 8833 8188 2654 3150 1638 2944 2996 6402 8714
77 2025 1051 5949 7134 3122 8947 4334 745 4723 7409 4928 2463 3058 3514 2453 5402 1738 9505 9781 3798 8324 56 837 547 1046 1802 7313 8542 8560 5483 6047 5447 1541 5294 5072 4037 4938 5211 7040 2246 6092 2622 5456 4832 4565 3651 5514 1138 6661 1025 1993 1261 5387 6162 8303 5990 106 1380 5943 3435 7103 8073 1550 5643 6241 3791 1670 6852 2812 824 5148 6227 5781 2949 2813 7305 4970 2297 9115 7352 7431 9410 1985 6955 5006 3526 6501 7683 985 4280 8433 8727 9762 8833 8188 2654 3150 1638 2944 2996 6402 8714
78 2025 1051 5949 7134 3122 8947 4334 745 4723 7409 4928 2463 3058 3514 2453 5402 1738 9505 9781 3798 8324 56 837 547 1046 1802 7313 8542 8560 5483 6047 5447 1541 5294 5072 4037 4938 5211 7040 2246 6092 2622 5456 4832 4565 3651 5514 1138 6661 1025 1993 1261 5387 6162 8303 5990 106 1380 5943 3435 7103 8073 1550 5643 6241 3791 1670 6852 2812 824 5148 6227 5781 2949 2813 7305 4970 2297 9115 7352 7431 9410 1985 6955 5006 3526 6501 7683 985 4280 8433 8727 9762 8833 8188 2654 3150 1638 2944 2996 6402 8714
79 2025 1051 5949 7134 3122 8947 4334 745 4723 7409 4928 2463 3058 3514 2453 5402 1738 9505 9781 3798 8324 56 837 547 1046 1802 7313 8542 8560 5483 6047 5447 1541 5294 5072 4037 4938 5211 7040 2246 6092 2622 5456 4832 4565 3651 5514 1138 6661 1025 1261 1993 5387 6162 8303 5990 106 1380 5943 3435 7103 8073 1550 5643 6241 3791 1670 6852 2812 824 5148 6227 5781 2949 2813 7305 4970 2297 9115 7352 7431 9410 5006 1985 6955 3526 6501 7683 985 4280 8433 8727 9762 8833 8188 3150 2654 1638 2996 2944 8714 6402
80 2025 1051 5949 7134 3122 8947 4334 745 4723 7409 4928 2463 3058 3514 2453 5402 1738 9505 9781 3798 8324 56 837 547 1046 1802 7313 8542 8560 5483 6047 5447 1541 5294 5072 4037 4938 5211 7040 2246 6092 2622 5456 4832 4565 3651 5514 1138 6661 1261 1025 1993 5387 6162 8303 5990 106 1380 5943 3435 7103 8073 1550 5643 6241 3791 1670 6852 2812 824 5148 6227 5781 2949 2813 7305 4970 2297 9115 7352 7431 9410 5006 6955 1985 3526 6501 7683 985 4280 8433 8727 9762 8188 8833 3150 2654 1638 2996 2944 8714 6402
81 2025 1051 5949 7134 3122 8947 4334 745 4723 7409 4928 2463 3058 3514 2453 5402 1738 9505 9781 3798 8324 56 837 547 1046 1802 7313 8542 8560 5483 6047 5447 1541 5294 5072 4037 4938 5211 7040 2246 6092 2622 5456 4832 4565 3651 5514 1138 6661 1261 1025 1993 5387 6162 8303 5990 106 1380 5943 3435 7103 8073 1550 5643 6241 3791 1670 6852 2812 824 5148 6227 5781 2949 2813 7305 4970 2297 9115 7352 7431 9410 5006 3526 6955 1985 6501 7683 985 4280 8433 8727 9762 8188 8833 3150 2654 1638 2996 2944 8714 6402
82 2025 1051 5949 7134 3122 8947 4334 745 4723 7409 4928 2463 3058 3514 2453 5402 1738 9505 9781 3798 8324 56 837 547 1046 1802 7313 8542 8560 5483 6047 5447 1541 5294 5072 4938 4037 5211 7040 2246 6092 2622 5456 4832 4565 3651 5514 1138 6661 1261 1025 1993 5387 6162 8303 5990 106 1380 5943 3435 7103 8073 1550 5643 6241 3791 1670 6852 2812 824 5148 6227 5781 2949 2813 7305 4970 2297 9115 7352 7431 9410 5006 3526 6955 1985 6501 7683 985 4280 8433 8727 9762 8188 8833 3150 2654 1638 2996 2944 8714 6402
83 2025 1051 5949 7134 3122 8947 4334 745 4723 7409 4928 2463 3058 3514 2453 5402 1738 9505 9781 3798 8324 56 837 547 1046 1802 7313 8542 8560 5483 6047 5447 1541 5294 5072 4938 4037 5211 2246 7040 6092 2622 5456 4832 4565 3651 5514 1138 6661 1261 1025 1993 5387 6162 8303 5990 106 1380 5943 3435 7103 8073 1550 5643 6241 3791 1670 6852 2812 824 5148 6227 5781 2949 2813 7305 4970 2297 9115 7352 7431 5006 9410 3526 6955 1985 6501 7683 985 4280 8433 8727 9762 8188 8833 3150 2654 1638 2996 2944 8714 6402
84 2025 1051 5949 7134 3122 8947 4334 745 4723 7409 4928 2463 3058 3514 2453 5402 1738 9505 9781 3798 8324 56 837 547 1046 1802 7313 8542 8560 5483 6047 5447 1541 5294 5072 4938 4037 5211 2246 7040 6092 2622 5456 4832 4565 3651 5514 1138 6661 1261 1025 1993 5387 6162 8303 5990 106 1380 5943 3435 7103 8073 1550 5643 6241 3791 1670 6852 2812 824 5148 6227 5781 2949 2813 7305 4970 2297 9115 7352 7431 5006 9410 3526 6955 1985 6501 7683 985 4280 8433 8727 9762 8188 8833 3150 2654 1638 2996 2944 8714 6402
85 2025 1051 5949 7134 3122 8947 4334 745 7409 4723 4928 2463 3058 3514 2453 5402 1738 9505 9781 3798 8324 56 837 547 1046 1802 7313 8542 8560 5483 6047 5447 1541 5294 5072 4938 4037 5211 2246 7040 6092 2622 5456 4832 4565 3651 5514 1138 6661 1261 1025 1993 5387 6162 8303 5990 106 1380 5943 3435 7103 8073 1550 5643 6241 3791 1670 6852 2812 824 5148 6227 5781 2949 2813 7305 4970 2297 9115 7352 7431 5006 9410 3526 6955 1985 6501 7683 985 4280 8433 8727 9762 8188 8833 3150 2654 1638 2996 2944 8714 6402
86 2025 1051 5949 7134 3122 8947 4334 745 7409 4723 4928 2463 3058 3514 2453 5402 1738 9505 9781 3798 8324 56 837 547 1046 1802 7313 8542 8560 5483 6047 5447 1541 5294 5072 4938 4037 5211 2246 7040 6092 2622 5456 4832 4565 3651 5514 1138 6661 1261 1025 1993 5387 8303 6162 5990 106 1380 5943 3435 7103 8073 1550 5643 6241 3791 1670 6852 2812 824 5148 6227 5781 2949 2813 7305 4970 2297 9115 7352 7431 5006 9410 3526 6955 1985 6501 7683 985 4280 8433 8727 9762 8188 8833 3150 2654 1638 2996 2944 8714 6402
87 2025 1051 5949 7134 3122 8947 4334 745 7409 4723 4928 2463 3058 3514 2453 5402 1738 9505 9781 3798 8324 56 837 547 1046 1802 7313 8542 8560 5483 6047 5447 1541 5294 5072 4938 4037 5211 2246 7040 6092 2622 5456 4832 4565 3651 5514 1138 6661 1261 1025 1993 5387 8303 6162 5990 106 1380 5943 3435 7103 8073 1550 5643 6241 3791 1670 6852 2812 824 5148 6227 5781 2949 2813 7305 4970 2297 9115 7352 7431 5006 9410 3526 6955 1985 6501 7683 985 4280 8433 8727 9762 8188 8833 3150 2654 1638 2996 2944 8714 6402
88 2025 1051 5949 7134 3122 8947 4334 745 7409 4723 4928 2463 3058 3514 2453 5402 1738 9505 9781 3798 8324 56 837 547 1046 1802 7313 8542 8560 5483 6047 5447 1541 5294 5072 4938 4037 5211 2246 7040 6092 2622 5456 4832 4565 3651 5514 1138 6661 1261 1025 1993 5387 8303 6162 5990 106 1380 5943 3435 7103 8073 1550 5643 6241 3791 1670 6852 2812 824 5148 6227 5781 2949 2813 7305 4970 2297 9115 7352 7431 5006 9410 3526 6955 1985 6501 7683 985 4280 8433 8727 9762 8188 8833 3150 2654 1638 2996 2944 8714 6402
89 2025 1051 5949 7134 3122 8947 4334 745 7409 4723 4928 2463 3058 3514 2453 5402 1738 9505 9781 3798 8324 56 837 547 1046 1802 7313 8542 8560 5483 6047 5447 1541 5294 5072 4938 4037 5211 2246 7040 6092 2622 5456 4832 4565 3651 5514 1138 6661 1261 1025 1993 5387 8303 6162 5990 106 1380 5943 3435 7103 8073 1550 5643 6241 3791 1670 6852 2812 824 5148 6227 5781 2949 2813 7305 4970 2297 9115 7352 7431 5006 9410 3526 6955 1985 6501 7683 985 4280 8433 8727 9762 8188 8833 3150 2654 1638 2996 2944 8714 6402
90 2025 1051 5949 7134 3122 8947 4334 745 7409 4723 4928 2463 3058 3514 2453 5402 1738 9505 9781 3798 8324 56 837 547 1046 1802 7313 8542 8560 5483 6047 5447 1541 5072 5294 4938 4037 5211 2246 7040 6092 2622 5456 4832 4565 3651 5514 1138 6661 1261 1025 1993 8303 5387 6162 5990 106 1380 5943 3435 7103 8073 1550 5643 6241 3791 1670 6852 2812 5148 824 6227 5781 2949 2813 7305 4970 2297 9115 7352 7431 5006 9410 3526 6955 1985 6501 7683 985 4280 8433 8727 9762 8188 8833 3150 2654 1638 2996 2944 8714 6402
91 2025 1051 5949 7134 3122 8947 4334 745 7409 4723 4928 2463 3058 3514 2453 5402 1738 9505 9781 3798 8324 56 837 547 1046 1802 7313 8542 8560 5483 6047 5447 1541 5072 5294 4938 4037 5211 2246 7040 6092 2622 5456 4832 4565 3651 5514 1138 6661 1261 1025 1993 8303 5387 6162 5990 106 1380 5943 3435 7103 8073 1550 5643 6241 3791 1670 6852 2812 5148 824 6227 5781 2949 2813 7305 4970 2297 9115 7352 7431 5006 9410 3526 6955 1985 6501 7683 985 4280 8433 8727 9762 8188 8833 3150 2654 1638 2996 2944 8714 1503 9297
92 2025 1051 5949 7134 3122 8947 4334 745 7409 4723 4928 2463 3058 3514 2453 5402 1738 9505 9781 3798 8324 56 837 547 1046 1802 7313 8542 8560 5483 6047 5447 1541 5072 5294 4938 4037 5211 2246 7040 6092 2622 5456 4832 4565 3651 5514 1138 6661 1261 1025 1993 8303 5387 6162 5990 106 5943 1380 3435 7103 8073 1550 5643 6241 3791 1670 6852 2812 5148 824 6227 5781 2813 2949 7305 4970 2297 9115 7352 7431 5006 9410 3526 6955 1985 6501 985 7683 4280 8433 8727 9762 8188 8833 3150 2996 2654 1638 2944 8714 1503 9297
93 2025 1051 5949 7134 3122 8947 4334 745 7409 4723 4928 2463 3058 3514 2453 5402 1738 9505 9781 3798 8324 56 837 547 1046 1802 7313 8542 8560 5483 6047 5447 1541 5072 5294 4938 4037 5211 2246 7040 6092 2622 5456 4832 4565 3651 5514 1138 6661 1261 1025 1993 8303 5387 6162 5990 106 5943 1380 3435 7103 8073 1550 5643 6241 3791 1670 6852 2812 5148 824 6227 5781 2813 2949 7305 4970 2297 9115 7352 7431 5006 9410 3526 6955 1985 6501 985 7683 4280 8433 8727 9762 8188 8833 3150 2996 1638 2654 2944 8714 1503 9297
94 2025 1051 5949 7134 3122 8947 4334 745 7409 4723 4928 2463 3058 3514 2453 5402 1738 9505 9781 3798 8324 56 837 547 1046 1802 7313 8542 8560 5483 6047 5447 1541 5072 5294 4938 4037 5211 2246 7040 6092 2622 5456 4832 4565 3651 5514 1138 1261 6661 1025 8303 1993 5387 6162 5990 106 5943 1380 3435 7103 8073 1550 6241 5643 3791 1670 6852 2812 5148 824 6227 5781 2813 2949 7305 4970 2297 9115 7352 7431 5006 9410 3526 6955 1985 6501 985 7683 4280 8433 8727 9762 8188 8833 3150 2996 1638 2654 2944 8714 1503 9297
95 2025 1051 5949 7134 3122 8947 4334 745 7409 4723 4928 2463 3058 3514 2453 1738 5402 9505 9781 3798 8324 56 837 547 1046 1802 7313 8542 8560 5483 5447 6047 1541 5072 5294 4938 4037 5211 2246 7040 6092 2622 5456 4832 4565 3651 5514 1138 1261 6661 1025 8303 1993 5387 6162 5990 106 5943 1380 3435 7103 8073 1550 6241 5643 3791 1670 6852 2812 5148 824 6227 5781 2813 2949 7305 4970 2297 9115 7352 7431 5006 9410 3526 6955 6501 1985 985 7683 4280 8433 8727 9762 8188 8833 3150 2996 1638 2654 2944 8714 1503 9297
96 2025 1051 5949 7134 3122 8947 4334 745 7409 4723 4928 2463 3058 3514 2453 1738 5402 9505 9781 3798 8324 56 837 547 1046 1802 7313 8542 8560 5483 5447 6047 1541 5072 5294 4938 4037 5211 2246 7040 6092 2622 5456 4832 4565 3651 5514 1138 1261 6661 1025 8303 1993 6162 5387 5990 106 5943 1380 3435 7103 8073 1550 6241 5643 3791 1670 6852 2812 5148 824 6227 5781 2813 2949 7305 4970 2297 9115 7352 7431 5006 9410 3526 6955 6501 1985 985 7683 4280 8433 8727 9762 8188 8833 3150 2996 1638 2654 2944 8714 1503 9297
97 2025 1051 5949 7134 3122 8947 4334 745 7409 4723 4928 2463 3058 3514 2453 1738 5402 9505 9781 3798 8324 56 837 547 1046 1802 7313 8542 8560 5483 5447 6047 1541 5072 5294 4938 4037 5211 2246 7040 6092 2622 4832 4565 5456 3651 5514 1138 1261 6661 1025 8303 1993 6162 5387 5990 106 5943 1380 3435 7103 8073 1550 6241 5643 3791 1670 6852 2812 5148 824 6227 5781 2813 2949 7305 2297 4970 7352 9115 7431 5006 9410 3526 6955 6501 1985 985 7683 4280 8433 8727 9762 8188 8833 3150 2996 1638 2654 2944 8714 1503 9297
98 2025 1051 5949 7134 3122 8947 4334 745 7409 4723 4928 2463 3058 3514 2453 1738 5402 9505 9781 3798 8324 56 837 547 1046 1802 7313 8542 8560 5483 5447 6047 1541 5072 5294 4938 4037 5211 2246 7040 6092 2622 4832 4565 5456 3651 1138 5514 1261 6661 8303 1025 1993 6162 5387 5990 106 5943 3435 1380 7103 8073 1550 6241 5643 3791 1670 6852 2812 5148 824 6227 5781 2813 2949 7305 2297 4970 7352 9115 7431 5006 3526 9410 6955 6501 985 1985 7683 4280 8433 8727 9762 8188 8833 3150 2996 1638 2654 2944 8714 1503 9297
99 2025 1051 5949 7134 3122 8947 4334 745 7409 4723 4928 2463 3058 3514 2453 1738 5402 9505 9781 3798 8324 56 837 547 1046 1802 7313 8542 8560 5483 5447 6047 1541 5072 5294 4938 4037 5211 2246 6092 7040 2622 4565 4832 5456 3651 1138 5514 1261 6661 8303 1025 1993 6162 5387 5990 106 3435 5943 1380 7103 8073 1550 6241 5643 3791 1670 6852 2812 5148 824 5781 6227 2813 2949 7305 2297 4970 7352 9115 7431 5006 3526 9410 6955 6501 985 1985 7683 4280 8433 8727 9762 8188 8833 3150 2996 1638 2654 2944 8714 1503 9297
