100
0 0 1 2 3 4 5 6 7 8 9 10 11 12 13 14 15 17 16 18 19 21 22 23 24 25 26 20 27 34 29 32 31 30 35 38 63
1 0 1 2 3 4 5 6 7 8 9 10 11 12 13 14 15 17 16 18 20 19 21 22 23 24 25 26 34 29 33 32 30 38 27 28 62
2 0 1 2 3 4 5 6 7 8 9 10 11 12 13 14 15 17 16 18 20 19 21 22 23 24 26 28 25 34 29 27 33 32 30 38 62
3 0 1 2 3 4 5 6 7 8 9 10 11 12 13 14 15 17 16 18 20 19 21 22 23 24 25 26 28 27 29 33 32 31 30 37 41 63 155 138
4 0 1 2 3 4 5 6 7 8 9 10 11 12 13 14 15 17 16 18 20 19 21 22 23 24 25 26 28 27 34 29 33 32 31 120 138 859 1502 1310
5 0 1 2 3 4 5 6 7 8 9 10 11 12 13 14 15 17 16 18 20 19 21 22 23 24 25 26 28 34 29 33 27 31 30 35 69 120 138 583 1310
6 0 1 2 3 4 5 6 7 8 9 10 11 12 13 14 15 17 16 18 20 19 21 22 23 24 25 26 28 27 34 29 33 32 30 35 37 138 1502 3244 1310
7 0 1 2 3 4 5 6 7 8 9 10 11 12 13 14 15 17 16 18 19 21 20 22 23 24 25 26 28 27 34 29 33 32 31 69 138 1290 2264
8 0 1 2 3 4 5 6 7 8 9 10 11 12 13 14 15 17 16 18 20 19 21 22 23 24 26 28 27 34 29 33 32 31 30 35 37 69 120 1495 1290
9 0 1 2 3 4 5 6 7 8 9 10 11 12 13 14 15 17 16 18 20 19 21 22 23 24 25 26 28 27 34 29 33 32 31 69 138 6729
10 0 1 2 3 4 5 6 7 8 9 10 11 12 13 14 15 17 16 18 20 19 21 22 23 24 25 26 28 27 34 33 32 30 29 38 62
11 0 1 2 3 4 5 6 7 8 9 10 11 12 13 14 15 17 16 18 20 19 21 22 23 24 25 26 34 29 33 32 28 27 30 38 63 69 138 554 1495 1671
12 0 1 2 3 4 5 6 7 8 9 10 11 12 13 14 15 17 16 18 20 19 21 22 23 25 26 24 28 27 34 29 33 32 31 69 138 1502 2264
13 0 1 2 3 4 5 6 7 8 9 10 11 12 13 14 15 17 16 18 20 19 21 22 23 24 25 26 27 28 34 29 33 32 31 69 138 2264
14 0 1 2 3 4 5 6 7 8 9 10 11 12 13 14 15 17 16 18 20 19 21 22 24 25 26 28 34 23 29 33 32 31 27 69 138 2153
15 0 1 2 3 4 5 6 7 8 9 10 11 12 13 14 15 17 16 18 20 19 21 22 23 25 26 27 28 24 34 29 33 31 38 35 138 554 968
16 0 1 2 3 4 5 6 7 8 9 10 11 12 13 14 15 17 16 18 20 19 21 22 23 24 25 26 28 27 34 29 33 32 31 184
17 0 1 2 3 4 5 6 7 8 9 10 11 12 13 14 15 17 16 18 20 19 21 22 23 24 25 26 28 34 29 33 32 31 27 69 138
18 0 1 2 3 4 5 6 7 8 9 10 11 12 13 14 15 17 16 18 20 19 21 22 23 25 26 28 27 34 29 33 32 31 24 69 138
19 0 1 2 3 4 5 6 7 8 9 10 11 12 13 14 15 17 16 18 20 19 21 22 23 25 26 28 27 24 34 33 32 31 30 35 69 126 120 138 708 3244
20 0 1 2 3 4 5 6 7 8 9 10 11 12 13 14 15 17 16 18 20 19 21 22 23 24 25 26 27 28 33 32 31 30 35 37 36 57 69 120 138 1290
21 0 1 2 3 4 5 6 7 8 9 10 11 12 13 14 15 17 16 18 20 19 21 22 23 24 25 26 28 27 34 29 33 32 31 69 138 2848 2264
22 0 1 2 3 4 5 6 7 8 9 10 11 12 13 14 15 17 16 18 20 19 21 22 23 24 26 27 28 25 34 33 32 29 30 35 37 138 708
23 0 1 2 3 4 5 6 7 8 9 10 11 12 13 14 15 17 16 18 20 19 21 22 23 24 25 26 28 34 29 33 32 27 30 35 37 138 3244
24 0 1 2 3 4 5 6 7 8 9 10 11 12 13 14 15 17 16 18 20 19 21 22 23 24 25 26 28 27 34 33 32 31 30 35 69 120 138 126 708 2264
25 0 1 2 3 4 5 6 7 8 9 10 11 12 13 14 15 17 16 18 20 19 21 22 23 24 25 26 27 28 34 29 33 32 31 69 138 2264
26 0 1 2 3 4 5 6 7 8 9 10 11 12 13 14 15 17 16 18 20 19 21 22 23 24 25 26 27 33 32 28 34 30 29 37 35 138 1290 3975
27 0 1 2 3 4 5 6 7 8 9 10 11 12 13 14 15 17 16 18 20 19 21 22 23 24 26 28 27 25 34 29 33 31 30 35 63 138
28 0 1 2 3 4 5 6 7 8 9 10 11 12 13 14 15 17 16 18 20 19 21 22 24 25 26 27 23 34 29 32 31 28 35 38 37 63 120 155 708
29 0 1 2 3 4 5 6 7 8 9 10 11 12 13 14 15 17 16 18 20 19 21 22 25 26 28 27 23 24 34 29 33 32 31 69 138 2153
30 0 1 2 3 4 5 6 7 8 9 10 11 12 13 14 15 17 16 18 20 19 21 22 23 24 25 26 27 34 31 28 30 35 38 29 37 41 63 126
31 0 1 2 3 4 5 6 7 8 9 10 11 12 13 14 15 17 16 18 20 19 21 22 23 24 25 26 28 27 34 29 33 31 30 37 63 69 65 120 126 3097 1310
32 0 1 2 3 4 5 6 7 8 9 10 11 12 13 14 15 17 16 18 20 19 21 22 23 24 25 26 28 34 29 33 32 27 31 69 138 3975 5921
33 0 1 2 3 4 5 6 7 8 9 10 11 12 13 14 15 17 16 18 20 19 21 22 23 24 25 26 28 34 33 32 31 27 38 30 63 138 708 2848 3097
34 0 1 2 3 4 5 6 7 8 9 10 11 12 13 14 15 17 16 18 20 19 21 22 24 25 26 27 28 23 34 29 33 32 31 69 138 1290 3097
35 0 1 2 3 4 5 6 7 8 9 10 11 12 13 14 15 17 16 18 20 19 21 22 23 24 25 26 28 27 34 29 33 32 31 69 138
36 0 1 2 3 4 5 6 7 8 9 10 11 12 13 14 15 17 16 18 20 19 21 22 23 24 25 26 27 28 33 32 31 30 35 37 36 58 69 1290
37 0 1 2 3 4 5 6 7 8 9 10 11 12 13 14 15 17 16 18 20 19 21 22 23 24 25 26 28 27 32 30 35 34 33 36 37 65 138
38 0 1 2 3 4 5 6 7 8 9 10 11 12 13 14 15 17 16 18 20 19 21 22 23 24 25 26 28 27 29 33 32 31 30 38 37 62 138
39 0 1 2 3 4 5 6 7 8 9 10 11 12 13 14 15 17 16 18 20 19 21 22 23 25 26 27 28 34 29 33 32 31 24 69 138 1671 5921
40 0 1 2 3 4 5 6 7 8 9 10 11 12 13 14 15 17 16 18 20 19 21 22 23 24 25 26 28 27 34 29 33 31 30 35 63 138
41 0 1 2 3 4 5 6 7 8 9 10 11 12 13 14 15 17 16 18 20 19 21 22 23 24 25 26 27 28 34 29 33 32 31 69 138 2848 3975
42 0 1 2 3 4 5 6 7 8 9 10 11 12 13 14 15 17 16 18 20 19 21 22 23 24 25 26 27 34 29 32 31 28 30 35 37 62 69 138 708 1263 1290
43 0 1 2 3 4 5 6 7 8 9 10 11 12 13 14 15 17 16 18 20 19 21 22 23 24 25 26 27 34 29 33 32 30 38 28 62
44 0 1 2 3 4 5 6 7 8 9 10 11 12 13 14 15 17 16 18 20 19 21 22 23 24 25 26 28 27 34 29 33 31 30 38 69 120 1290 1310
45 0 1 2 3 4 5 6 7 8 9 10 11 12 13 14 15 17 16 18 20 19 21 22 23 24 25 26 27 34 29 33 32 28 30 38 62
46 0 1 2 3 4 5 6 7 8 9 10 11 12 13 14 15 17 16 18 20 19 21 22 23 24 25 26 27 34 32 28 31 29 38 36 138 583 708
47 0 1 2 3 4 5 6 7 8 9 10 11 12 13 14 15 17 16 18 20 19 21 22 23 24 25 26 27 28 34 29 33 32 31 69 138 1502 2264
48 0 1 2 3 4 5 6 7 8 9 10 11 12 13 14 15 17 16 18 20 19 21 22 24 25 26 23 28 27 34 29 33 32 31 69 138 2153
49 0 1 2 3 4 5 6 7 8 9 10 11 12 13 14 15 17 16 18 20 19 21 22 23 24 25 26 28 27 29 33 32 38 34 37 57 63 138 583 1671 3097
50 0 1 2 3 4 5 6 7 8 9 10 11 12 13 14 15 17 16 18 20 19 21 23 24 25 26 22 28 27 34 33 31 30 35 29 69 120 155 3244
51 0 1 2 3 4 5 6 7 8 9 10 11 12 13 14 15 17 16 18 20 19 21 22 23 24 25 26 27 28 34 29 33 32 31 138 155 725 2818
52 0 1 2 3 4 5 6 7 8 9 10 11 12 13 14 15 17 16 18 20 19 21 22 23 24 25 26 28 27 34 29 33 32 31 120 138 859 1502 1310
53 0 1 2 3 4 5 6 7 8 9 10 11 12 13 14 15 17 16 18 20 19 21 22 24 25 26 23 27 34 32 28 30 29 38 33 62
54 0 1 2 3 4 5 6 7 8 9 10 11 12 13 14 15 17 16 18 20 19 21 22 23 25 26 24 27 34 29 32 28 31 30 35 37 62 69 138 583
55 0 1 2 3 4 5 6 7 8 9 10 11 12 13 14 15 17 16 18 20 19 21 22 24 25 23 26 28 27 34 29 30 33 32 38 63 69 138 583 708
56 0 1 2 3 4 5 6 7 8 9 10 11 12 13 14 15 17 16 18 20 19 21 22 23 24 25 26 28 27 34 29 33 32 30 35 37 138 3244 1502 2264
57 0 1 2 3 4 5 6 7 8 9 10 11 12 13 14 15 17 16 18 20 19 21 22 23 25 26 24 27 34 29 32 28 31 30 35 37 57 138 708
58 0 1 2 3 4 5 6 7 8 9 10 11 12 13 14 15 17 16 18 20 19 21 22 24 25 26 28 27 23 34 29 33 32 31 69 138 1290
59 0 1 2 3 4 5 6 7 8 9 10 11 12 13 14 15 17 16 18 20 19 21 22 23 24 25 26 28 27 34 29 33 32 31 126 155
60 0 1 2 3 4 5 6 7 8 9 10 11 12 13 14 15 17 16 18 20 19 21 22 23 24 25 26 28 27 34 29 33 32 31 69 138 2848 6729
61 0 1 2 3 4 5 6 7 8 9 10 11 12 13 14 15 17 16 18 20 19 21 22 23 24 25 26 27 34 32 28 30 29 38 37 31 62 69 1737
62 0 1 2 3 4 5 6 7 8 9 10 11 12 13 14 15 17 16 18 20 19 21 22 23 24 25 26 28 27 34 29 33 31 30 35 63 138
63 0 1 2 3 4 5 6 7 8 9 10 11 12 13 14 15 17 16 18 20 19 21 22 23 24 25 26 28 27 34 29 33 32 31 69 138 1290 3097
64 0 1 2 3 4 5 6 7 8 9 10 11 12 13 14 15 17 16 18 20 19 21 22 23 24 25 26 27 33 32 28 30 34 29 37 35 138 1290 1671 1737
65 0 1 2 3 4 5 6 7 8 9 10 11 12 13 14 15 17 16 18 20 19 21 22 23 25 26 27 24 34 29 32 28 31 35 38 37 69 63 138 708
66 0 1 2 3 4 5 6 7 8 9 10 11 12 13 14 15 17 16 18 20 19 21 23 22 24 25 26 27 28 29 33 32 31 30 38 37 63 69 138 155 1671 3097
67 0 1 2 3 4 5 6 7 8 9 10 11 12 13 14 15 17 16 18 20 19 21 22 23 24 26 27 28 25 34 29 33 32 31 69 138 1290 2264
68 0 1 2 3 4 5 6 7 8 9 10 11 12 13 14 15 17 16 18 20 19 21 22 23 24 25 26 27 34 29 33 32 28 30 37 35 138 1502 1310 7055
69 0 1 2 3 4 5 6 7 8 9 10 11 12 13 14 15 17 16 18 20 19 21 22 23 24 25 26 28 27 34 29 33 32 30 35 37 583 1671
70 0 1 2 3 4 5 6 7 8 9 10 11 12 13 14 15 17 16 18 20 19 21 23 24 25 26 28 27 22 34 33 32 31 30 35 63 120 3244
71 0 1 2 3 4 5 6 7 8 9 10 11 12 13 14 15 17 16 18 20 19 21 22 23 25 26 28 27 34 29 33 32 24 31 69 138 3097 1671
72 0 1 2 3 4 5 6 7 8 9 10 11 12 13 14 15 17 16 18 20 19 21 22 23 24 25 26 34 32 27 28 30 38 29 33 69 63 138 583 708
73 0 1 2 3 4 5 6 7 8 9 10 11 12 13 14 15 17 16 18 20 19 21 22 23 24 26 28 27 34 29 33 32 25 31 69 138
74 0 1 2 3 4 5 6 7 8 9 10 11 12 13 14 15 17 16 18 20 19 21 22 23 24 25 26 28 27 34 29 33 32 31 69 138 2848 3097
75 0 1 2 3 4 5 6 7 8 9 10 11 12 13 14 15 17 16 18 20 19 21 22 23 25 26 28 27 24 34 29 33 32 30 35 37 138 3244 3097 2264
76 0 1 2 3 4 5 6 7 8 9 10 11 12 13 14 15 17 16 18 20 19 21 22 23 24 25 26 28 27 34 29 33 32 31 69 138
77 0 1 2 3 4 5 6 7 8 9 10 11 12 13 14 15 17 16 18 20 19 21 22 23 24 25 26 28 27 34 29 33 32 31 69 554
78 0 1 2 3 4 5 6 7 8 9 10 11 12 13 14 15 17 16 18 20 19 21 23 22 25 26 28 24 34 29 33 32 31 27 69 138 1502 3244
79 0 1 2 3 4 5 6 7 8 9 10 11 12 13 14 15 17 16 18 20 19 21 22 23 24 25 26 28 27 34 33 32 29 37 36 69 138 2848 1671
80 0 1 2 3 4 5 6 7 8 9 10 11 12 13 14 15 17 16 18 20 19 21 23 24 25 26 22 28 34 33 32 27 31 30 35 63 120 3244
81 0 1 2 3 4 5 6 7 8 9 10 11 12 13 14 15 17 16 18 20 19 21 22 23 24 25 26 28 27 33 31 34 29 30 38 69 120 2848 1671
82 0 1 2 3 4 5 6 7 8 9 10 11 12 13 14 15 17 16 18 20 19 21 22 23 24 25 26 28 27 32 30 38 34 29 33 62
83 0 1 2 3 4 5 6 7 8 9 10 11 12 13 14 15 17 16 18 20 19 21 23 24 25 26 22 28 27 34 33 32 31 30 35 69 120 126 138 554
84 0 1 2 3 4 5 6 7 8 9 10 11 12 13 14 15 17 16 18 20 19 21 22 23 24 25 26 28 27 34 29 33 32 31 69 138 1737 3097
85 0 1 2 3 4 5 6 7 8 9 10 11 12 13 14 15 17 16 18 20 19 21 22 23 24 25 26 28 27 34 33 32 31 30 35 69 138 121 583
86 0 1 2 3 4 5 6 7 8 9 10 11 12 13 14 15 17 16 18 20 19 21 22 23 24 25 26 28 34 27 33 32 30 31 37 57 63 69 1502 1310
87 0 1 2 3 4 5 6 7 8 9 10 11 12 13 14 15 17 16 18 20 19 21 22 23 24 25 26 28 27 34 33 32 31 30 35 63 120 2848
88 0 1 2 3 4 5 6 7 8 9 10 11 12 13 14 15 17 16 18 19 21 22 23 24 20 25 26 27 28 34 29 33 30 35 38 44 37 138 3244
89 0 1 2 3 4 5 6 7 8 9 10 11 12 13 14 15 17 16 18 20 19 21 22 23 24 26 27 28 34 29 33 32 25 31 69 138
90 0 1 2 3 4 5 6 7 8 9 10 11 12 13 14 15 17 16 18 19 21 20 22 23 24 25 26 27 28 34 29 33 32 35 38 63 138 3244 1290
91 0 1 2 3 4 5 6 7 8 9 10 11 12 13 14 15 17 16 18 20 19 21 22 23 24 25 26 28 27 34 29 33 32 30 35 63 120 69 138 3244
92 0 1 2 3 4 5 6 7 8 9 10 11 12 13 14 15 17 16 18 20 19 21 22 23 24 25 26 28 27 34 29 33 31 30 38 69 120 3097 1737
93 0 1 2 3 4 5 6 7 8 9 10 11 12 13 14 15 17 16 18 20 19 21 22 23 24 25 26 27 28 33 32 31 30 37 36 35 63 72 69 138 1290
94 0 1 2 3 4 5 6 7 8 9 10 11 12 13 14 15 17 16 18 20 19 21 22 23 25 26 28 27 34 29 33 32 31 24 69 138 3244 5921
95 0 1 2 3 4 5 6 7 8 9 10 11 12 13 14 15 17 16 18 20 19 21 22 23 24 25 26 28 27 34 29 33 32 31 69 138 2848 3975
96 0 1 2 3 4 5 6 7 8 9 10 11 12 13 14 15 17 16 18 20 19 21 22 23 25 26 24 28 34 29 33 32 27 31 69 138 1502 1310
97 0 1 2 3 4 5 6 7 8 9 10 11 12 13 14 15 17 16 18 20 19 21 22 23 24 26 28 25 34 27 30 29 33 32 38 69 63 138 869 1737
98 0 1 2 3 4 5 6 7 8 9 10 11 12 13 14 15 17 16 18 20 19 21 22 23 24 25 26 28 27 29 33 32 31 30 38 37 69 63 120
99 0 1 2 3 4 5 6 7 8 9 10 11 12 13 14 15 17 16 18 20 19 21 22 24 25 26 23 27 28 34 29 33 32 31 69 138 3975
